specimen_collection_date,tests,pos,pct,neg,indeterminate,cumulative_tests,cumulative_positive_tests,cumulative_negative_tests,cumulative_indeterminate_tests,data_as_of,data_loaded_at
2020/03/01,2,0,0.000,2,0,2,0,2,0,10/10/2023 04:30:38 AM,10/10/2023 09:00:08 AM
2020/03/02,2,0,0.000,2,0,4,0,4,0,10/10/2023 04:30:38 AM,10/10/2023 09:00:08 AM
2020/03/03,8,2,0.250,6,0,12,2,10,0,10/10/2023 04:30:38 AM,10/10/2023 09:00:08 AM
2020/03/04,12,0,0.000,12,0,24,2,22,0,10/10/2023 04:30:38 AM,10/10/2023 09:00:08 AM
2020/03/05,23,6,0.261,17,0,47,8,39,0,10/10/2023 04:30:38 AM,10/10/2023 09:00:08 AM
2020/03/06,21,1,0.048,20,0,68,9,59,0,10/10/2023 04:30:38 AM,10/10/2023 09:00:08 AM
2020/03/07,24,7,0.292,17,0,92,16,76,0,10/10/2023 04:30:38 AM,10/10/2023 09:00:08 AM
2020/03/08,12,3,0.250,9,0,104,19,85,0,10/10/2023 04:30:38 AM,10/10/2023 09:00:08 AM
2020/03/09,63,4,0.063,59,0,167,23,144,0,10/10/2023 04:30:38 AM,10/10/2023 09:00:08 AM
2020/03/10,91,7,0.077,84,0,258,30,228,0,10/10/2023 04:30:38 AM,10/10/2023 09:00:08 AM
2020/03/11,91,12,0.133,78,1,349,42,306,1,10/10/2023 04:30:38 AM,10/10/2023 09:00:08 AM
2020/03/12,192,9,0.047,183,0,541,51,489,1,10/10/2023 04:30:38 AM,10/10/2023 09:00:08 AM
2020/03/13,252,18,0.071,234,0,793,69,723,1,10/10/2023 04:30:38 AM,10/10/2023 09:00:08 AM
2020/03/14,153,10,0.065,143,0,946,79,866,1,10/10/2023 04:30:38 AM,10/10/2023 09:00:08 AM
2020/03/15,151,11,0.073,139,1,1097,90,1005,2,10/10/2023 04:30:38 AM,10/10/2023 09:00:08 AM
2020/03/16,318,42,0.133,274,2,1415,132,1279,4,10/10/2023 04:30:38 AM,10/10/2023 09:00:08 AM
2020/03/17,339,30,0.088,309,0,1754,162,1588,4,10/10/2023 04:30:38 AM,10/10/2023 09:00:08 AM
2020/03/18,325,26,0.080,298,1,2079,188,1886,5,10/10/2023 04:30:38 AM,10/10/2023 09:00:08 AM
2020/03/19,295,22,0.075,273,0,2374,210,2159,5,10/10/2023 04:30:38 AM,10/10/2023 09:00:08 AM
2020/03/20,321,38,0.119,282,1,2695,248,2441,6,10/10/2023 04:30:38 AM,10/10/2023 09:00:08 AM
2020/03/21,170,17,0.100,153,0,2865,265,2594,6,10/10/2023 04:30:38 AM,10/10/2023 09:00:08 AM
2020/03/22,143,28,0.196,115,0,3008,293,2709,6,10/10/2023 04:30:38 AM,10/10/2023 09:00:08 AM
2020/03/23,347,37,0.107,310,0,3355,330,3019,6,10/10/2023 04:30:38 AM,10/10/2023 09:00:08 AM
2020/03/24,353,48,0.136,304,1,3708,378,3323,7,10/10/2023 04:30:38 AM,10/10/2023 09:00:08 AM
2020/03/25,410,50,0.123,358,2,4118,428,3681,9,10/10/2023 04:30:38 AM,10/10/2023 09:00:08 AM
2020/03/26,418,44,0.105,374,0,4536,472,4055,9,10/10/2023 04:30:38 AM,10/10/2023 09:00:08 AM
2020/03/27,496,36,0.073,459,1,5032,508,4514,10,10/10/2023 04:30:38 AM,10/10/2023 09:00:08 AM
2020/03/28,304,22,0.072,282,0,5336,530,4796,10,10/10/2023 04:30:38 AM,10/10/2023 09:00:08 AM
2020/03/29,161,16,0.101,142,3,5497,546,4938,13,10/10/2023 04:30:38 AM,10/10/2023 09:00:08 AM
2020/03/30,400,47,0.118,352,1,5897,593,5290,14,10/10/2023 04:30:38 AM,10/10/2023 09:00:08 AM
2020/03/31,401,60,0.150,341,0,6298,653,5631,14,10/10/2023 04:30:38 AM,10/10/2023 09:00:08 AM
2020/04/01,415,44,0.107,369,2,6713,697,6000,16,10/10/2023 04:30:38 AM,10/10/2023 09:00:08 AM
2020/04/02,440,45,0.103,392,3,7153,742,6392,19,10/10/2023 04:30:38 AM,10/10/2023 09:00:08 AM
2020/04/03,411,31,0.075,380,0,7564,773,6772,19,10/10/2023 04:30:38 AM,10/10/2023 09:00:08 AM
2020/04/04,233,20,0.086,213,0,7797,793,6985,19,10/10/2023 04:30:38 AM,10/10/2023 09:00:08 AM
2020/04/05,271,37,0.137,234,0,8068,830,7219,19,10/10/2023 04:30:38 AM,10/10/2023 09:00:08 AM
2020/04/06,479,63,0.132,415,1,8547,893,7634,20,10/10/2023 04:30:38 AM,10/10/2023 09:00:08 AM
2020/04/07,494,66,0.134,428,0,9041,959,8062,20,10/10/2023 04:30:38 AM,10/10/2023 09:00:08 AM
2020/04/08,514,80,0.156,434,0,9555,1039,8496,20,10/10/2023 04:30:38 AM,10/10/2023 09:00:08 AM
2020/04/09,602,87,0.145,513,2,10157,1126,9009,22,10/10/2023 04:30:38 AM,10/10/2023 09:00:08 AM
2020/04/10,564,43,0.076,521,0,10721,1169,9530,22,10/10/2023 04:30:38 AM,10/10/2023 09:00:08 AM
2020/04/11,310,54,0.174,256,0,11031,1223,9786,22,10/10/2023 04:30:38 AM,10/10/2023 09:00:08 AM
2020/04/12,196,31,0.158,165,0,11227,1254,9951,22,10/10/2023 04:30:38 AM,10/10/2023 09:00:08 AM
2020/04/13,474,44,0.093,429,1,11701,1298,10380,23,10/10/2023 04:30:38 AM,10/10/2023 09:00:08 AM
2020/04/14,567,63,0.111,504,0,12268,1361,10884,23,10/10/2023 04:30:38 AM,10/10/2023 09:00:08 AM
2020/04/15,540,70,0.130,470,0,12808,1431,11354,23,10/10/2023 04:30:38 AM,10/10/2023 09:00:08 AM
2020/04/16,570,65,0.114,503,2,13378,1496,11857,25,10/10/2023 04:30:38 AM,10/10/2023 09:00:08 AM
2020/04/17,603,59,0.098,541,3,13981,1555,12398,28,10/10/2023 04:30:38 AM,10/10/2023 09:00:08 AM
2020/04/18,287,21,0.074,264,2,14268,1576,12662,30,10/10/2023 04:30:38 AM,10/10/2023 09:00:08 AM
2020/04/19,300,45,0.150,255,0,14568,1621,12917,30,10/10/2023 04:30:38 AM,10/10/2023 09:00:08 AM
2020/04/20,675,62,0.092,613,0,15243,1683,13530,30,10/10/2023 04:30:38 AM,10/10/2023 09:00:08 AM
2020/04/21,648,51,0.079,595,2,15891,1734,14125,32,10/10/2023 04:30:38 AM,10/10/2023 09:00:08 AM
2020/04/22,933,51,0.055,881,1,16824,1785,15006,33,10/10/2023 04:30:38 AM,10/10/2023 09:00:08 AM
2020/04/23,1199,65,0.054,1129,5,18023,1850,16135,38,10/10/2023 04:30:38 AM,10/10/2023 09:00:08 AM
2020/04/24,1338,69,0.052,1265,4,19361,1919,17400,42,10/10/2023 04:30:38 AM,10/10/2023 09:00:08 AM
2020/04/25,1872,61,0.033,1810,1,21233,1980,19210,43,10/10/2023 04:30:38 AM,10/10/2023 09:00:08 AM
2020/04/26,1439,40,0.028,1398,1,22672,2020,20608,44,10/10/2023 04:30:38 AM,10/10/2023 09:00:08 AM
2020/04/27,1945,68,0.035,1873,4,24617,2088,22481,48,10/10/2023 04:30:38 AM,10/10/2023 09:00:08 AM
2020/04/28,2939,92,0.031,2837,10,27556,2180,25318,58,10/10/2023 04:30:38 AM,10/10/2023 09:00:08 AM
2020/04/29,1401,98,0.071,1292,11,28957,2278,26610,69,10/10/2023 04:30:38 AM,10/10/2023 09:00:08 AM
2020/04/30,1236,53,0.043,1183,0,30193,2331,27793,69,10/10/2023 04:30:38 AM,10/10/2023 09:00:08 AM
2020/05/01,1447,53,0.037,1392,2,31640,2384,29185,71,10/10/2023 04:30:38 AM,10/10/2023 09:00:08 AM
2020/05/02,964,56,0.058,907,1,32604,2440,30092,72,10/10/2023 04:30:38 AM,10/10/2023 09:00:08 AM
2020/05/03,431,20,0.046,411,0,33035,2460,30503,72,10/10/2023 04:30:38 AM,10/10/2023 09:00:08 AM
2020/05/04,1162,66,0.057,1094,2,34197,2526,31597,74,10/10/2023 04:30:38 AM,10/10/2023 09:00:08 AM
2020/05/05,1384,62,0.045,1321,1,35581,2588,32918,75,10/10/2023 04:30:38 AM,10/10/2023 09:00:08 AM
2020/05/06,1592,53,0.033,1537,2,37173,2641,34455,77,10/10/2023 04:30:38 AM,10/10/2023 09:00:08 AM
2020/05/07,1764,37,0.021,1724,3,38937,2678,36179,80,10/10/2023 04:30:38 AM,10/10/2023 09:00:08 AM
2020/05/08,1801,38,0.021,1755,8,40738,2716,37934,88,10/10/2023 04:30:38 AM,10/10/2023 09:00:08 AM
2020/05/09,880,17,0.019,858,5,41618,2733,38792,93,10/10/2023 04:30:38 AM,10/10/2023 09:00:08 AM
2020/05/10,571,13,0.023,555,3,42189,2746,39347,96,10/10/2023 04:30:38 AM,10/10/2023 09:00:08 AM
2020/05/11,1607,39,0.024,1563,5,43796,2785,40910,101,10/10/2023 04:30:38 AM,10/10/2023 09:00:08 AM
2020/05/12,1761,67,0.038,1689,5,45557,2852,42599,106,10/10/2023 04:30:38 AM,10/10/2023 09:00:08 AM
2020/05/13,1598,48,0.030,1548,2,47155,2900,44147,108,10/10/2023 04:30:38 AM,10/10/2023 09:00:08 AM
2020/05/14,1837,43,0.023,1792,2,48992,2943,45939,110,10/10/2023 04:30:38 AM,10/10/2023 09:00:08 AM
2020/05/15,1751,50,0.029,1700,1,50743,2993,47639,111,10/10/2023 04:30:38 AM,10/10/2023 09:00:08 AM
2020/05/16,831,11,0.013,820,0,51574,3004,48459,111,10/10/2023 04:30:38 AM,10/10/2023 09:00:08 AM
2020/05/17,441,14,0.032,427,0,52015,3018,48886,111,10/10/2023 04:30:38 AM,10/10/2023 09:00:08 AM
2020/05/18,2089,60,0.029,2028,1,54104,3078,50914,112,10/10/2023 04:30:38 AM,10/10/2023 09:00:08 AM
2020/05/19,1748,49,0.028,1692,7,55852,3127,52606,119,10/10/2023 04:30:38 AM,10/10/2023 09:00:08 AM
2020/05/20,1970,50,0.025,1919,1,57822,3177,54525,120,10/10/2023 04:30:38 AM,10/10/2023 09:00:08 AM
2020/05/21,2416,35,0.014,2380,1,60238,3212,56905,121,10/10/2023 04:30:38 AM,10/10/2023 09:00:08 AM
2020/05/22,2455,46,0.019,2407,2,62693,3258,59312,123,10/10/2023 04:30:38 AM,10/10/2023 09:00:08 AM
2020/05/23,1303,22,0.017,1280,1,63996,3280,60592,124,10/10/2023 04:30:38 AM,10/10/2023 09:00:08 AM
2020/05/24,902,12,0.013,888,2,64898,3292,61480,126,10/10/2023 04:30:38 AM,10/10/2023 09:00:08 AM
2020/05/25,697,13,0.019,684,0,65595,3305,62164,126,10/10/2023 04:30:38 AM,10/10/2023 09:00:08 AM
2020/05/26,2243,57,0.025,2184,2,67838,3362,64348,128,10/10/2023 04:30:38 AM,10/10/2023 09:00:08 AM
2020/05/27,2226,46,0.021,2179,1,70064,3408,66527,129,10/10/2023 04:30:38 AM,10/10/2023 09:00:08 AM
2020/05/28,2353,32,0.014,2321,0,72417,3440,68848,129,10/10/2023 04:30:38 AM,10/10/2023 09:00:08 AM
2020/05/29,2573,45,0.018,2521,7,74990,3485,71369,136,10/10/2023 04:30:38 AM,10/10/2023 09:00:08 AM
2020/05/30,1637,29,0.018,1605,3,76627,3514,72974,139,10/10/2023 04:30:38 AM,10/10/2023 09:00:08 AM
2020/05/31,1470,32,0.022,1437,1,78097,3546,74411,140,10/10/2023 04:30:38 AM,10/10/2023 09:00:08 AM
2020/06/01,2592,43,0.017,2546,3,80689,3589,76957,143,10/10/2023 04:30:38 AM,10/10/2023 09:00:08 AM
2020/06/02,2843,57,0.020,2783,3,83532,3646,79740,146,10/10/2023 04:30:38 AM,10/10/2023 09:00:08 AM
2020/06/03,2376,36,0.015,2338,2,85908,3682,82078,148,10/10/2023 04:30:38 AM,10/10/2023 09:00:08 AM
2020/06/04,2569,49,0.019,2517,3,88477,3731,84595,151,10/10/2023 04:30:38 AM,10/10/2023 09:00:08 AM
2020/06/05,2592,38,0.015,2552,2,91069,3769,87147,153,10/10/2023 04:30:38 AM,10/10/2023 09:00:08 AM
2020/06/06,1888,20,0.011,1867,1,92957,3789,89014,154,10/10/2023 04:30:38 AM,10/10/2023 09:00:08 AM
2020/06/07,1932,23,0.012,1908,1,94889,3812,90922,155,10/10/2023 04:30:38 AM,10/10/2023 09:00:08 AM
2020/06/08,3295,41,0.012,3254,0,98184,3853,94176,155,10/10/2023 04:30:38 AM,10/10/2023 09:00:08 AM
2020/06/09,3613,43,0.012,3570,0,101797,3896,97746,155,10/10/2023 04:30:38 AM,10/10/2023 09:00:08 AM
2020/06/10,3114,21,0.007,3093,0,104911,3917,100839,155,10/10/2023 04:30:38 AM,10/10/2023 09:00:08 AM
2020/06/11,3543,33,0.009,3509,1,108454,3950,104348,156,10/10/2023 04:30:38 AM,10/10/2023 09:00:08 AM
2020/06/12,3358,39,0.012,3309,10,111812,3989,107657,166,10/10/2023 04:30:38 AM,10/10/2023 09:00:08 AM
2020/06/13,1949,26,0.013,1923,0,113761,4015,109580,166,10/10/2023 04:30:38 AM,10/10/2023 09:00:08 AM
2020/06/14,1548,17,0.011,1531,0,115309,4032,111111,166,10/10/2023 04:30:38 AM,10/10/2023 09:00:08 AM
2020/06/15,3497,39,0.011,3458,0,118806,4071,114569,166,10/10/2023 04:30:38 AM,10/10/2023 09:00:08 AM
2020/06/16,3118,55,0.018,3062,1,121924,4126,117631,167,10/10/2023 04:30:38 AM,10/10/2023 09:00:08 AM
2020/06/17,3707,65,0.018,3641,1,125631,4191,121272,168,10/10/2023 04:30:38 AM,10/10/2023 09:00:08 AM
2020/06/18,3987,54,0.014,3932,1,129618,4245,125204,169,10/10/2023 04:30:38 AM,10/10/2023 09:00:08 AM
2020/06/19,3487,55,0.016,3431,1,133105,4300,128635,170,10/10/2023 04:30:38 AM,10/10/2023 09:00:08 AM
2020/06/20,1673,56,0.033,1617,0,134778,4356,130252,170,10/10/2023 04:30:38 AM,10/10/2023 09:00:08 AM
2020/06/21,1336,39,0.029,1297,0,136114,4395,131549,170,10/10/2023 04:30:38 AM,10/10/2023 09:00:08 AM
2020/06/22,3533,121,0.034,3408,4,139647,4516,134957,174,10/10/2023 04:30:38 AM,10/10/2023 09:00:08 AM
2020/06/23,3632,91,0.025,3518,23,143279,4607,138475,197,10/10/2023 04:30:38 AM,10/10/2023 09:00:08 AM
2020/06/24,3990,76,0.019,3914,0,147269,4683,142389,197,10/10/2023 04:30:38 AM,10/10/2023 09:00:08 AM
2020/06/25,4110,85,0.021,4025,0,151379,4768,146414,197,10/10/2023 04:30:38 AM,10/10/2023 09:00:08 AM
2020/06/26,4026,82,0.020,3942,2,155405,4850,150356,199,10/10/2023 04:30:38 AM,10/10/2023 09:00:08 AM
2020/06/27,2196,63,0.029,2133,0,157601,4913,152489,199,10/10/2023 04:30:38 AM,10/10/2023 09:00:08 AM
2020/06/28,2287,42,0.018,2245,0,159888,4955,154734,199,10/10/2023 04:30:38 AM,10/10/2023 09:00:08 AM
2020/06/29,4018,93,0.023,3910,15,163906,5048,158644,214,10/10/2023 04:30:38 AM,10/10/2023 09:00:08 AM
2020/06/30,4319,112,0.026,4205,2,168225,5160,162849,216,10/10/2023 04:30:38 AM,10/10/2023 09:00:08 AM
2020/07/01,3973,100,0.025,3870,3,172198,5260,166719,219,10/10/2023 04:30:38 AM,10/10/2023 09:00:08 AM
2020/07/02,4302,130,0.030,4172,0,176500,5390,170891,219,10/10/2023 04:30:38 AM,10/10/2023 09:00:08 AM
2020/07/03,2783,116,0.042,2663,4,179283,5506,173554,223,10/10/2023 04:30:38 AM,10/10/2023 09:00:08 AM
2020/07/04,773,29,0.038,744,0,180056,5535,174298,223,10/10/2023 04:30:38 AM,10/10/2023 09:00:08 AM
2020/07/05,2157,63,0.029,2094,0,182213,5598,176392,223,10/10/2023 04:30:38 AM,10/10/2023 09:00:08 AM
2020/07/06,4490,108,0.024,4381,1,186703,5706,180773,224,10/10/2023 04:30:38 AM,10/10/2023 09:00:08 AM
2020/07/07,4681,116,0.025,4560,5,191384,5822,185333,229,10/10/2023 04:30:38 AM,10/10/2023 09:00:08 AM
2020/07/08,4580,144,0.031,4436,0,195964,5966,189769,229,10/10/2023 04:30:38 AM,10/10/2023 09:00:08 AM
2020/07/09,4558,136,0.030,4421,1,200522,6102,194190,230,10/10/2023 04:30:38 AM,10/10/2023 09:00:08 AM
2020/07/10,4579,152,0.033,4423,4,205101,6254,198613,234,10/10/2023 04:30:38 AM,10/10/2023 09:00:08 AM
2020/07/11,2470,77,0.031,2392,1,207571,6331,201005,235,10/10/2023 04:30:38 AM,10/10/2023 09:00:08 AM
2020/07/12,2190,81,0.037,2109,0,209761,6412,203114,235,10/10/2023 04:30:38 AM,10/10/2023 09:00:08 AM
2020/07/13,5089,171,0.034,4918,0,214850,6583,208032,235,10/10/2023 04:30:38 AM,10/10/2023 09:00:08 AM
2020/07/14,5432,185,0.034,5246,1,220282,6768,213278,236,10/10/2023 04:30:38 AM,10/10/2023 09:00:08 AM
2020/07/15,5090,179,0.035,4906,5,225372,6947,218184,241,10/10/2023 04:30:38 AM,10/10/2023 09:00:08 AM
2020/07/16,5662,186,0.033,5474,2,231034,7133,223658,243,10/10/2023 04:30:38 AM,10/10/2023 09:00:08 AM
2020/07/17,4310,189,0.044,4118,3,235344,7322,227776,246,10/10/2023 04:30:38 AM,10/10/2023 09:00:08 AM
2020/07/18,2510,99,0.039,2410,1,237854,7421,230186,247,10/10/2023 04:30:38 AM,10/10/2023 09:00:08 AM
2020/07/19,1909,97,0.051,1812,0,239763,7518,231998,247,10/10/2023 04:30:38 AM,10/10/2023 09:00:08 AM
2020/07/20,5237,183,0.035,5053,1,245000,7701,237051,248,10/10/2023 04:30:38 AM,10/10/2023 09:00:08 AM
2020/07/21,5110,161,0.032,4944,5,250110,7862,241995,253,10/10/2023 04:30:38 AM,10/10/2023 09:00:08 AM
2020/07/22,4866,151,0.031,4714,1,254976,8013,246709,254,10/10/2023 04:30:38 AM,10/10/2023 09:00:08 AM
2020/07/23,4662,167,0.036,4493,2,259638,8180,251202,256,10/10/2023 04:30:38 AM,10/10/2023 09:00:08 AM
2020/07/24,4438,151,0.034,4283,4,264076,8331,255485,260,10/10/2023 04:30:38 AM,10/10/2023 09:00:08 AM
2020/07/25,2476,108,0.044,2365,3,266552,8439,257850,263,10/10/2023 04:30:38 AM,10/10/2023 09:00:08 AM
2020/07/26,2240,80,0.036,2156,4,268792,8519,260006,267,10/10/2023 04:30:38 AM,10/10/2023 09:00:08 AM
2020/07/27,5120,125,0.024,4994,1,273912,8644,265000,268,10/10/2023 04:30:38 AM,10/10/2023 09:00:08 AM
2020/07/28,4639,120,0.026,4517,2,278551,8764,269517,270,10/10/2023 04:30:38 AM,10/10/2023 09:00:08 AM
2020/07/29,4891,175,0.036,4706,10,283442,8939,274223,280,10/10/2023 04:30:38 AM,10/10/2023 09:00:08 AM
2020/07/30,4717,159,0.034,4550,8,288159,9098,278773,288,10/10/2023 04:30:38 AM,10/10/2023 09:00:08 AM
2020/07/31,4850,156,0.032,4687,7,293009,9254,283460,295,10/10/2023 04:30:38 AM,10/10/2023 09:00:08 AM
2020/08/01,2711,99,0.037,2609,3,295720,9353,286069,298,10/10/2023 04:30:38 AM,10/10/2023 09:00:08 AM
2020/08/02,2256,64,0.028,2184,8,297976,9417,288253,306,10/10/2023 04:30:38 AM,10/10/2023 09:00:08 AM
2020/08/03,5228,137,0.026,5080,11,303204,9554,293333,317,10/10/2023 04:30:38 AM,10/10/2023 09:00:08 AM
2020/08/04,4813,112,0.023,4691,10,308017,9666,298024,327,10/10/2023 04:30:38 AM,10/10/2023 09:00:08 AM
2020/08/05,4751,164,0.035,4583,4,312768,9830,302607,331,10/10/2023 04:30:38 AM,10/10/2023 09:00:08 AM
2020/08/06,4643,125,0.027,4509,9,317411,9955,307116,340,10/10/2023 04:30:38 AM,10/10/2023 09:00:08 AM
2020/08/07,4736,153,0.032,4577,6,322147,10108,311693,346,10/10/2023 04:30:38 AM,10/10/2023 09:00:08 AM
2020/08/08,2375,73,0.031,2297,5,324522,10181,313990,351,10/10/2023 04:30:38 AM,10/10/2023 09:00:08 AM
2020/08/09,2119,76,0.036,2039,4,326641,10257,316029,355,10/10/2023 04:30:38 AM,10/10/2023 09:00:08 AM
2020/08/10,5051,122,0.024,4911,18,331692,10379,320940,373,10/10/2023 04:30:38 AM,10/10/2023 09:00:08 AM
2020/08/11,4989,126,0.025,4846,17,336681,10505,325786,390,10/10/2023 04:30:38 AM,10/10/2023 09:00:08 AM
2020/08/12,5318,166,0.031,5133,19,341999,10671,330919,409,10/10/2023 04:30:38 AM,10/10/2023 09:00:08 AM
2020/08/13,4867,126,0.026,4725,16,346866,10797,335644,425,10/10/2023 04:30:38 AM,10/10/2023 09:00:08 AM
2020/08/14,4656,138,0.030,4513,5,351522,10935,340157,430,10/10/2023 04:30:38 AM,10/10/2023 09:00:08 AM
2020/08/15,2368,82,0.035,2280,6,353890,11017,342437,436,10/10/2023 04:30:38 AM,10/10/2023 09:00:08 AM
2020/08/16,1986,46,0.023,1937,3,355876,11063,344374,439,10/10/2023 04:30:38 AM,10/10/2023 09:00:08 AM
2020/08/17,4757,108,0.023,4635,14,360633,11171,349009,453,10/10/2023 04:30:38 AM,10/10/2023 09:00:08 AM
2020/08/18,5114,101,0.020,4991,22,365747,11272,354000,475,10/10/2023 04:30:38 AM,10/10/2023 09:00:08 AM
2020/08/19,4707,114,0.024,4565,28,370454,11386,358565,503,10/10/2023 04:30:38 AM,10/10/2023 09:00:08 AM
2020/08/20,4427,99,0.022,4321,7,374881,11485,362886,510,10/10/2023 04:30:38 AM,10/10/2023 09:00:08 AM
2020/08/21,4416,96,0.022,4291,29,379297,11581,367177,539,10/10/2023 04:30:38 AM,10/10/2023 09:00:08 AM
2020/08/22,2435,53,0.022,2375,7,381732,11634,369552,546,10/10/2023 04:30:38 AM,10/10/2023 09:00:08 AM
2020/08/23,1389,49,0.035,1339,1,383121,11683,370891,547,10/10/2023 04:30:38 AM,10/10/2023 09:00:08 AM
2020/08/24,4362,109,0.025,4251,2,387483,11792,375142,549,10/10/2023 04:30:38 AM,10/10/2023 09:00:08 AM
2020/08/25,4448,101,0.023,4338,9,391931,11893,379480,558,10/10/2023 04:30:38 AM,10/10/2023 09:00:08 AM
2020/08/26,5254,112,0.021,5123,19,397185,12005,384603,577,10/10/2023 04:30:38 AM,10/10/2023 09:00:08 AM
2020/08/27,4839,115,0.024,4704,20,402024,12120,389307,597,10/10/2023 04:30:38 AM,10/10/2023 09:00:08 AM
2020/08/28,4380,86,0.020,4274,20,406404,12206,393581,617,10/10/2023 04:30:38 AM,10/10/2023 09:00:08 AM
2020/08/29,2516,55,0.022,2446,15,408920,12261,396027,632,10/10/2023 04:30:38 AM,10/10/2023 09:00:08 AM
2020/08/30,2227,42,0.019,2136,49,411147,12303,398163,681,10/10/2023 04:30:38 AM,10/10/2023 09:00:08 AM
2020/08/31,5254,106,0.020,5128,20,416401,12409,403291,701,10/10/2023 04:30:38 AM,10/10/2023 09:00:08 AM
2020/09/01,4808,99,0.021,4671,38,421209,12508,407962,739,10/10/2023 04:30:38 AM,10/10/2023 09:00:08 AM
2020/09/02,4907,100,0.020,4791,16,426116,12608,412753,755,10/10/2023 04:30:38 AM,10/10/2023 09:00:08 AM
2020/09/03,4601,110,0.024,4481,10,430717,12718,417234,765,10/10/2023 04:30:38 AM,10/10/2023 09:00:08 AM
2020/09/04,4438,86,0.020,4306,46,435155,12804,421540,811,10/10/2023 04:30:38 AM,10/10/2023 09:00:08 AM
2020/09/05,2361,42,0.018,2314,5,437516,12846,423854,816,10/10/2023 04:30:38 AM,10/10/2023 09:00:08 AM
2020/09/06,2017,34,0.017,1974,9,439533,12880,425828,825,10/10/2023 04:30:38 AM,10/10/2023 09:00:08 AM
2020/09/07,1363,64,0.047,1291,8,440896,12944,427119,833,10/10/2023 04:30:38 AM,10/10/2023 09:00:08 AM
2020/09/08,5327,88,0.017,5228,11,446223,13032,432347,844,10/10/2023 04:30:38 AM,10/10/2023 09:00:08 AM
2020/09/09,5103,82,0.016,5016,5,451326,13114,437363,849,10/10/2023 04:30:38 AM,10/10/2023 09:00:08 AM
2020/09/10,4790,70,0.015,4711,9,456116,13184,442074,858,10/10/2023 04:30:38 AM,10/10/2023 09:00:08 AM
2020/09/11,4068,129,0.032,3930,9,460184,13313,446004,867,10/10/2023 04:30:38 AM,10/10/2023 09:00:08 AM
2020/09/12,2352,59,0.025,2284,9,462536,13372,448288,876,10/10/2023 04:30:38 AM,10/10/2023 09:00:08 AM
2020/09/13,2011,29,0.014,1975,7,464547,13401,450263,883,10/10/2023 04:30:38 AM,10/10/2023 09:00:08 AM
2020/09/14,4596,108,0.024,4484,4,469143,13509,454747,887,10/10/2023 04:30:38 AM,10/10/2023 09:00:08 AM
2020/09/15,5173,101,0.020,5063,9,474316,13610,459810,896,10/10/2023 04:30:38 AM,10/10/2023 09:00:08 AM
2020/09/16,4881,86,0.018,4784,11,479197,13696,464594,907,10/10/2023 04:30:38 AM,10/10/2023 09:00:08 AM
2020/09/17,5055,70,0.014,4981,4,484252,13766,469575,911,10/10/2023 04:30:38 AM,10/10/2023 09:00:08 AM
2020/09/18,4894,109,0.022,4781,4,489146,13875,474356,915,10/10/2023 04:30:38 AM,10/10/2023 09:00:08 AM
2020/09/19,2335,47,0.020,2283,5,491481,13922,476639,920,10/10/2023 04:30:38 AM,10/10/2023 09:00:08 AM
2020/09/20,2028,32,0.016,1992,4,493509,13954,478631,924,10/10/2023 04:30:38 AM,10/10/2023 09:00:08 AM
2020/09/21,5411,66,0.012,5339,6,498920,14020,483970,930,10/10/2023 04:30:38 AM,10/10/2023 09:00:08 AM
2020/09/22,5461,62,0.011,5393,6,504381,14082,489363,936,10/10/2023 04:30:38 AM,10/10/2023 09:00:08 AM
2020/09/23,5922,81,0.014,5827,14,510303,14163,495190,950,10/10/2023 04:30:38 AM,10/10/2023 09:00:08 AM
2020/09/24,5581,88,0.016,5486,7,515884,14251,500676,957,10/10/2023 04:30:38 AM,10/10/2023 09:00:08 AM
2020/09/25,5043,65,0.013,4972,6,520927,14316,505648,963,10/10/2023 04:30:38 AM,10/10/2023 09:00:08 AM
2020/09/26,2785,32,0.011,2752,1,523712,14348,508400,964,10/10/2023 04:30:38 AM,10/10/2023 09:00:08 AM
2020/09/27,2419,37,0.015,2378,4,526131,14385,510778,968,10/10/2023 04:30:38 AM,10/10/2023 09:00:08 AM
2020/09/28,5661,62,0.011,5593,6,531792,14447,516371,974,10/10/2023 04:30:38 AM,10/10/2023 09:00:08 AM
2020/09/29,5480,59,0.011,5417,4,537272,14506,521788,978,10/10/2023 04:30:38 AM,10/10/2023 09:00:08 AM
2020/09/30,5974,62,0.010,5905,7,543246,14568,527693,985,10/10/2023 04:30:38 AM,10/10/2023 09:00:08 AM
2020/10/01,5794,54,0.009,5739,1,549040,14622,533432,986,10/10/2023 04:30:38 AM,10/10/2023 09:00:08 AM
2020/10/02,5511,38,0.007,5472,1,554551,14660,538904,987,10/10/2023 04:30:38 AM,10/10/2023 09:00:08 AM
2020/10/03,2954,27,0.009,2925,2,557505,14687,541829,989,10/10/2023 04:30:38 AM,10/10/2023 09:00:08 AM
2020/10/04,2311,19,0.008,2290,2,559816,14706,544119,991,10/10/2023 04:30:38 AM,10/10/2023 09:00:08 AM
2020/10/05,6543,40,0.006,6462,41,566359,14746,550581,1032,10/10/2023 04:30:38 AM,10/10/2023 09:00:08 AM
2020/10/06,6475,50,0.008,6418,7,572834,14796,556999,1039,10/10/2023 04:30:38 AM,10/10/2023 09:00:08 AM
2020/10/07,6579,57,0.009,6517,5,579413,14853,563516,1044,10/10/2023 04:30:38 AM,10/10/2023 09:00:08 AM
2020/10/08,6547,54,0.008,6490,3,585960,14907,570006,1047,10/10/2023 04:30:38 AM,10/10/2023 09:00:08 AM
2020/10/09,6156,48,0.008,6106,2,592116,14955,576112,1049,10/10/2023 04:30:38 AM,10/10/2023 09:00:08 AM
2020/10/10,3324,24,0.007,3298,2,595440,14979,579410,1051,10/10/2023 04:30:38 AM,10/10/2023 09:00:08 AM
2020/10/11,2756,24,0.009,2731,1,598196,15003,582141,1052,10/10/2023 04:30:38 AM,10/10/2023 09:00:08 AM
2020/10/12,5638,56,0.010,5577,5,603834,15059,587718,1057,10/10/2023 04:30:38 AM,10/10/2023 09:00:08 AM
2020/10/13,6497,50,0.008,6442,5,610331,15109,594160,1062,10/10/2023 04:30:38 AM,10/10/2023 09:00:08 AM
2020/10/14,6381,39,0.006,6339,3,616712,15148,600499,1065,10/10/2023 04:30:38 AM,10/10/2023 09:00:08 AM
2020/10/15,6219,51,0.008,6167,1,622931,15199,606666,1066,10/10/2023 04:30:38 AM,10/10/2023 09:00:08 AM
2020/10/16,5404,53,0.010,5349,2,628335,15252,612015,1068,10/10/2023 04:30:38 AM,10/10/2023 09:00:08 AM
2020/10/17,2690,30,0.011,2647,13,631025,15282,614662,1081,10/10/2023 04:30:38 AM,10/10/2023 09:00:08 AM
2020/10/18,2452,16,0.007,2426,10,633477,15298,617088,1091,10/10/2023 04:30:38 AM,10/10/2023 09:00:08 AM
2020/10/19,6679,51,0.008,6598,30,640156,15349,623686,1121,10/10/2023 04:30:38 AM,10/10/2023 09:00:08 AM
2020/10/20,6602,48,0.007,6553,1,646758,15397,630239,1122,10/10/2023 04:30:38 AM,10/10/2023 09:00:08 AM
2020/10/21,6411,37,0.006,6372,2,653169,15434,636611,1124,10/10/2023 04:30:38 AM,10/10/2023 09:00:08 AM
2020/10/22,6463,75,0.012,6383,5,659632,15509,642994,1129,10/10/2023 04:30:38 AM,10/10/2023 09:00:08 AM
2020/10/23,5611,69,0.012,5540,2,665243,15578,648534,1131,10/10/2023 04:30:38 AM,10/10/2023 09:00:08 AM
2020/10/24,2988,42,0.014,2943,3,668231,15620,651477,1134,10/10/2023 04:30:38 AM,10/10/2023 09:00:08 AM
2020/10/25,2448,49,0.020,2396,3,670679,15669,653873,1137,10/10/2023 04:30:38 AM,10/10/2023 09:00:08 AM
2020/10/26,6949,67,0.010,6880,2,677628,15736,660753,1139,10/10/2023 04:30:38 AM,10/10/2023 09:00:08 AM
2020/10/27,7044,84,0.012,6956,4,684672,15820,667709,1143,10/10/2023 04:30:38 AM,10/10/2023 09:00:08 AM
2020/10/28,7212,75,0.010,7134,3,691884,15895,674843,1146,10/10/2023 04:30:38 AM,10/10/2023 09:00:08 AM
2020/10/29,7052,59,0.008,6990,3,698936,15954,681833,1149,10/10/2023 04:30:38 AM,10/10/2023 09:00:08 AM
2020/10/30,6539,69,0.011,6468,2,705475,16023,688301,1151,10/10/2023 04:30:38 AM,10/10/2023 09:00:08 AM
2020/10/31,2920,71,0.024,2848,1,708395,16094,691149,1152,10/10/2023 04:30:38 AM,10/10/2023 09:00:08 AM
2020/11/01,2480,37,0.015,2440,3,710875,16131,693589,1155,10/10/2023 04:30:38 AM,10/10/2023 09:00:08 AM
2020/11/02,7549,117,0.016,7426,6,718424,16248,701015,1161,10/10/2023 04:30:38 AM,10/10/2023 09:00:08 AM
2020/11/03,6913,109,0.016,6803,1,725337,16357,707818,1162,10/10/2023 04:30:38 AM,10/10/2023 09:00:08 AM
2020/11/04,7325,142,0.019,7173,10,732662,16499,714991,1172,10/10/2023 04:30:38 AM,10/10/2023 09:00:08 AM
2020/11/05,7288,150,0.021,7131,7,739950,16649,722122,1179,10/10/2023 04:30:38 AM,10/10/2023 09:00:08 AM
2020/11/06,6473,131,0.020,6337,5,746423,16780,728459,1184,10/10/2023 04:30:38 AM,10/10/2023 09:00:08 AM
2020/11/07,3349,80,0.024,3266,3,749772,16860,731725,1187,10/10/2023 04:30:38 AM,10/10/2023 09:00:08 AM
2020/11/08,2905,46,0.016,2858,1,752677,16906,734583,1188,10/10/2023 04:30:38 AM,10/10/2023 09:00:08 AM
2020/11/09,7888,160,0.020,7724,4,760565,17066,742307,1192,10/10/2023 04:30:38 AM,10/10/2023 09:00:08 AM
2020/11/10,8245,140,0.017,8095,10,768810,17206,750402,1202,10/10/2023 04:30:38 AM,10/10/2023 09:00:08 AM
2020/11/11,6009,119,0.020,5882,8,774819,17325,756284,1210,10/10/2023 04:30:38 AM,10/10/2023 09:00:08 AM
2020/11/12,7517,171,0.023,7331,15,782336,17496,763615,1225,10/10/2023 04:30:38 AM,10/10/2023 09:00:08 AM
2020/11/13,6597,137,0.021,6456,4,788933,17633,770071,1229,10/10/2023 04:30:38 AM,10/10/2023 09:00:08 AM
2020/11/14,4039,96,0.024,3939,4,792972,17729,774010,1233,10/10/2023 04:30:38 AM,10/10/2023 09:00:08 AM
2020/11/15,3460,77,0.022,3382,1,796432,17806,777392,1234,10/10/2023 04:30:38 AM,10/10/2023 09:00:08 AM
2020/11/16,8531,213,0.025,8312,6,804963,18019,785704,1240,10/10/2023 04:30:38 AM,10/10/2023 09:00:08 AM
2020/11/17,10020,182,0.018,9824,14,814983,18201,795528,1254,10/10/2023 04:30:38 AM,10/10/2023 09:00:08 AM
2020/11/18,9722,206,0.021,9502,14,824705,18407,805030,1268,10/10/2023 04:30:38 AM,10/10/2023 09:00:08 AM
2020/11/19,10244,214,0.021,10011,19,834949,18621,815041,1287,10/10/2023 04:30:38 AM,10/10/2023 09:00:08 AM
2020/11/20,9959,195,0.020,9755,9,844908,18816,824796,1296,10/10/2023 04:30:38 AM,10/10/2023 09:00:08 AM
2020/11/21,5157,114,0.022,5038,5,850065,18930,829834,1301,10/10/2023 04:30:38 AM,10/10/2023 09:00:08 AM
2020/11/22,5125,97,0.019,5022,6,855190,19027,834856,1307,10/10/2023 04:30:38 AM,10/10/2023 09:00:08 AM
2020/11/23,11641,214,0.018,11413,14,866831,19241,846269,1321,10/10/2023 04:30:38 AM,10/10/2023 09:00:08 AM
2020/11/24,11332,225,0.020,11091,16,878163,19466,857360,1337,10/10/2023 04:30:38 AM,10/10/2023 09:00:08 AM
2020/11/25,6920,192,0.028,6722,6,885083,19658,864082,1343,10/10/2023 04:30:38 AM,10/10/2023 09:00:08 AM
2020/11/26,1383,61,0.044,1322,0,886466,19719,865404,1343,10/10/2023 04:30:38 AM,10/10/2023 09:00:08 AM
2020/11/27,3697,145,0.039,3544,8,890163,19864,868948,1351,10/10/2023 04:30:38 AM,10/10/2023 09:00:08 AM
2020/11/28,4397,140,0.032,4250,7,894560,20004,873198,1358,10/10/2023 04:30:38 AM,10/10/2023 09:00:08 AM
2020/11/29,4949,172,0.035,4772,5,899509,20176,877970,1363,10/10/2023 04:30:38 AM,10/10/2023 09:00:08 AM
2020/11/30,11164,321,0.029,10829,14,910673,20497,888799,1377,10/10/2023 04:30:38 AM,10/10/2023 09:00:08 AM
2020/12/01,11713,363,0.031,11332,18,922386,20860,900131,1395,10/10/2023 04:30:38 AM,10/10/2023 09:00:08 AM
2020/12/02,9512,345,0.036,9152,15,931898,21205,909283,1410,10/10/2023 04:30:38 AM,10/10/2023 09:00:08 AM
2020/12/03,9807,356,0.036,9438,13,941705,21561,918721,1423,10/10/2023 04:30:38 AM,10/10/2023 09:00:08 AM
2020/12/04,9017,285,0.032,8723,9,950722,21846,927444,1432,10/10/2023 04:30:38 AM,10/10/2023 09:00:08 AM
2020/12/05,4817,180,0.037,4628,9,955539,22026,932072,1441,10/10/2023 04:30:38 AM,10/10/2023 09:00:08 AM
2020/12/06,3853,142,0.037,3707,4,959392,22168,935779,1445,10/10/2023 04:30:38 AM,10/10/2023 09:00:08 AM
2020/12/07,10428,386,0.037,10025,17,969820,22554,945804,1462,10/10/2023 04:30:38 AM,10/10/2023 09:00:08 AM
2020/12/08,9777,366,0.038,9390,21,979597,22920,955194,1483,10/10/2023 04:30:38 AM,10/10/2023 09:00:08 AM
2020/12/09,10083,365,0.036,9699,19,989680,23285,964893,1502,10/10/2023 04:30:38 AM,10/10/2023 09:00:08 AM
2020/12/10,9913,394,0.040,9501,18,999593,23679,974394,1520,10/10/2023 04:30:38 AM,10/10/2023 09:00:08 AM
2020/12/11,8874,398,0.045,8450,26,1008467,24077,982844,1546,10/10/2023 04:30:38 AM,10/10/2023 09:00:08 AM
2020/12/12,5143,245,0.048,4873,25,1013610,24322,987717,1571,10/10/2023 04:30:38 AM,10/10/2023 09:00:08 AM
2020/12/13,3848,163,0.042,3679,6,1017458,24485,991396,1577,10/10/2023 04:30:38 AM,10/10/2023 09:00:08 AM
2020/12/14,10360,441,0.043,9887,32,1027818,24926,1001283,1609,10/10/2023 04:30:38 AM,10/10/2023 09:00:08 AM
2020/12/15,10732,453,0.042,10262,17,1038550,25379,1011545,1626,10/10/2023 04:30:38 AM,10/10/2023 09:00:08 AM
2020/12/16,11254,454,0.040,10780,20,1049804,25833,1022325,1646,10/10/2023 04:30:38 AM,10/10/2023 09:00:08 AM
2020/12/17,11411,389,0.034,11007,15,1061215,26222,1033332,1661,10/10/2023 04:30:38 AM,10/10/2023 09:00:08 AM
2020/12/18,10248,387,0.038,9844,17,1071463,26609,1043176,1678,10/10/2023 04:30:38 AM,10/10/2023 09:00:08 AM
2020/12/19,5672,177,0.031,5486,9,1077135,26786,1048662,1687,10/10/2023 04:30:38 AM,10/10/2023 09:00:08 AM
2020/12/20,4656,135,0.029,4515,6,1081791,26921,1053177,1693,10/10/2023 04:30:38 AM,10/10/2023 09:00:08 AM
2020/12/21,11922,421,0.035,11472,29,1093713,27342,1064649,1722,10/10/2023 04:30:38 AM,10/10/2023 09:00:08 AM
2020/12/22,11201,401,0.036,10783,17,1104914,27743,1075432,1739,10/10/2023 04:30:38 AM,10/10/2023 09:00:08 AM
2020/12/23,10961,381,0.035,10555,25,1115875,28124,1085987,1764,10/10/2023 04:30:38 AM,10/10/2023 09:00:08 AM
2020/12/24,6264,288,0.046,5969,7,1122139,28412,1091956,1771,10/10/2023 04:30:38 AM,10/10/2023 09:00:08 AM
2020/12/25,1290,95,0.074,1191,4,1123429,28507,1093147,1775,10/10/2023 04:30:38 AM,10/10/2023 09:00:08 AM
2020/12/26,4667,278,0.060,4374,15,1128096,28785,1097521,1790,10/10/2023 04:30:38 AM,10/10/2023 09:00:08 AM
2020/12/27,4192,204,0.049,3977,11,1132288,28989,1101498,1801,10/10/2023 04:30:38 AM,10/10/2023 09:00:08 AM
2020/12/28,9921,489,0.049,9420,12,1142209,29478,1110918,1813,10/10/2023 04:30:38 AM,10/10/2023 09:00:08 AM
2020/12/29,10013,525,0.053,9468,20,1152222,30003,1120386,1833,10/10/2023 04:30:38 AM,10/10/2023 09:00:08 AM
2020/12/30,9284,456,0.049,8805,23,1161506,30459,1129191,1856,10/10/2023 04:30:38 AM,10/10/2023 09:00:08 AM
2020/12/31,6221,344,0.055,5865,12,1167727,30803,1135056,1868,10/10/2023 04:30:38 AM,10/10/2023 09:00:08 AM
2021/01/01,1877,95,0.051,1777,5,1169604,30898,1136833,1873,10/10/2023 04:30:38 AM,10/10/2023 09:00:08 AM
2021/01/02,5365,302,0.056,5054,9,1174969,31200,1141887,1882,10/10/2023 04:30:38 AM,10/10/2023 09:00:08 AM
2021/01/03,4551,222,0.049,4324,5,1179520,31422,1146211,1887,10/10/2023 04:30:38 AM,10/10/2023 09:00:08 AM
2021/01/04,11646,656,0.056,10970,20,1191166,32078,1157181,1907,10/10/2023 04:30:38 AM,10/10/2023 09:00:08 AM
2021/01/05,11025,529,0.048,10473,23,1202191,32607,1167654,1930,10/10/2023 04:30:38 AM,10/10/2023 09:00:08 AM
2021/01/06,11407,461,0.040,10933,13,1213598,33068,1178587,1943,10/10/2023 04:30:38 AM,10/10/2023 09:00:08 AM
2021/01/07,11041,536,0.049,10479,26,1224639,33604,1189066,1969,10/10/2023 04:30:38 AM,10/10/2023 09:00:08 AM
2021/01/08,10022,449,0.045,9558,15,1234661,34053,1198624,1984,10/10/2023 04:30:38 AM,10/10/2023 09:00:08 AM
2021/01/09,4914,274,0.056,4633,7,1239575,34327,1203257,1991,10/10/2023 04:30:38 AM,10/10/2023 09:00:08 AM
2021/01/10,4070,176,0.043,3887,7,1243645,34503,1207144,1998,10/10/2023 04:30:38 AM,10/10/2023 09:00:08 AM
2021/01/11,11728,520,0.044,11183,25,1255373,35023,1218327,2023,10/10/2023 04:30:38 AM,10/10/2023 09:00:08 AM
2021/01/12,10017,391,0.039,9606,20,1265390,35414,1227933,2043,10/10/2023 04:30:38 AM,10/10/2023 09:00:08 AM
2021/01/13,9675,380,0.039,9282,13,1275065,35794,1237215,2056,10/10/2023 04:30:38 AM,10/10/2023 09:00:08 AM
2021/01/14,10031,411,0.041,9609,11,1285096,36205,1246824,2067,10/10/2023 04:30:38 AM,10/10/2023 09:00:08 AM
2021/01/15,8480,400,0.047,8066,14,1293576,36605,1254890,2081,10/10/2023 04:30:38 AM,10/10/2023 09:00:08 AM
2021/01/16,4403,217,0.049,4181,5,1297979,36822,1259071,2086,10/10/2023 04:30:38 AM,10/10/2023 09:00:08 AM
2021/01/17,3497,148,0.042,3341,8,1301476,36970,1262412,2094,10/10/2023 04:30:38 AM,10/10/2023 09:00:08 AM
2021/01/18,5899,236,0.040,5643,20,1307375,37206,1268055,2114,10/10/2023 04:30:38 AM,10/10/2023 09:00:08 AM
2021/01/19,8918,277,0.031,8627,14,1316293,37483,1276682,2128,10/10/2023 04:30:38 AM,10/10/2023 09:00:08 AM
2021/01/20,9293,287,0.031,8996,10,1325586,37770,1285678,2138,10/10/2023 04:30:38 AM,10/10/2023 09:00:08 AM
2021/01/21,9425,285,0.030,9131,9,1335011,38055,1294809,2147,10/10/2023 04:30:38 AM,10/10/2023 09:00:08 AM
2021/01/22,8320,256,0.031,8051,13,1343331,38311,1302860,2160,10/10/2023 04:30:38 AM,10/10/2023 09:00:08 AM
2021/01/23,3675,155,0.042,3512,8,1347006,38466,1306372,2168,10/10/2023 04:30:38 AM,10/10/2023 09:00:08 AM
2021/01/24,3079,120,0.039,2951,8,1350085,38586,1309323,2176,10/10/2023 04:30:38 AM,10/10/2023 09:00:08 AM
2021/01/25,8129,257,0.032,7863,9,1358214,38843,1317186,2185,10/10/2023 04:30:38 AM,10/10/2023 09:00:08 AM
2021/01/26,7665,203,0.027,7457,5,1365879,39046,1324643,2190,10/10/2023 04:30:38 AM,10/10/2023 09:00:08 AM
2021/01/27,6794,179,0.026,6600,15,1372673,39225,1331243,2205,10/10/2023 04:30:38 AM,10/10/2023 09:00:08 AM
2021/01/28,7787,187,0.024,7583,17,1380460,39412,1338826,2222,10/10/2023 04:30:38 AM,10/10/2023 09:00:08 AM
2021/01/29,7056,192,0.027,6854,10,1387516,39604,1345680,2232,10/10/2023 04:30:38 AM,10/10/2023 09:00:08 AM
2021/01/30,3402,179,0.053,3218,5,1390918,39783,1348898,2237,10/10/2023 04:30:38 AM,10/10/2023 09:00:08 AM
2021/01/31,2259,115,0.051,2136,8,1393177,39898,1351034,2245,10/10/2023 04:30:38 AM,10/10/2023 09:00:08 AM
2021/02/01,7666,224,0.029,7434,8,1400843,40122,1358468,2253,10/10/2023 04:30:38 AM,10/10/2023 09:00:08 AM
2021/02/02,8545,177,0.021,8359,9,1409388,40299,1366827,2262,10/10/2023 04:30:38 AM,10/10/2023 09:00:08 AM
2021/02/03,8490,221,0.026,8260,9,1417878,40520,1375087,2271,10/10/2023 04:30:38 AM,10/10/2023 09:00:08 AM
2021/02/04,7866,224,0.029,7624,18,1425744,40744,1382711,2289,10/10/2023 04:30:38 AM,10/10/2023 09:00:08 AM
2021/02/05,6892,194,0.028,6689,9,1432636,40938,1389400,2298,10/10/2023 04:30:38 AM,10/10/2023 09:00:08 AM
2021/02/06,3221,104,0.032,3105,12,1435857,41042,1392505,2310,10/10/2023 04:30:38 AM,10/10/2023 09:00:08 AM
2021/02/07,2366,87,0.037,2273,6,1438223,41129,1394778,2316,10/10/2023 04:30:38 AM,10/10/2023 09:00:08 AM
2021/02/08,8221,166,0.020,8041,14,1446444,41295,1402819,2330,10/10/2023 04:30:38 AM,10/10/2023 09:00:08 AM
2021/02/09,8206,148,0.018,8047,11,1454650,41443,1410866,2341,10/10/2023 04:30:38 AM,10/10/2023 09:00:08 AM
2021/02/10,8428,145,0.017,8271,12,1463078,41588,1419137,2353,10/10/2023 04:30:38 AM,10/10/2023 09:00:08 AM
2021/02/11,7362,142,0.019,7207,13,1470440,41730,1426344,2366,10/10/2023 04:30:38 AM,10/10/2023 09:00:08 AM
2021/02/12,6502,130,0.020,6367,5,1476942,41860,1432711,2371,10/10/2023 04:30:38 AM,10/10/2023 09:00:08 AM
2021/02/13,3164,62,0.020,3098,4,1480106,41922,1435809,2375,10/10/2023 04:30:38 AM,10/10/2023 09:00:08 AM
2021/02/14,2196,56,0.026,2140,0,1482302,41978,1437949,2375,10/10/2023 04:30:38 AM,10/10/2023 09:00:08 AM
2021/02/15,4475,98,0.022,4374,3,1486777,42076,1442323,2378,10/10/2023 04:30:38 AM,10/10/2023 09:00:08 AM
2021/02/16,8249,108,0.013,8134,7,1495026,42184,1450457,2385,10/10/2023 04:30:38 AM,10/10/2023 09:00:08 AM
2021/02/17,8033,112,0.014,7915,6,1503059,42296,1458372,2391,10/10/2023 04:30:38 AM,10/10/2023 09:00:08 AM
2021/02/18,7517,118,0.016,7395,4,1510576,42414,1465767,2395,10/10/2023 04:30:38 AM,10/10/2023 09:00:08 AM
2021/02/19,6610,80,0.012,6527,3,1517186,42494,1472294,2398,10/10/2023 04:30:38 AM,10/10/2023 09:00:08 AM
2021/02/20,3111,63,0.020,3045,3,1520297,42557,1475339,2401,10/10/2023 04:30:38 AM,10/10/2023 09:00:08 AM
2021/02/21,2308,45,0.020,2261,2,1522605,42602,1477600,2403,10/10/2023 04:30:38 AM,10/10/2023 09:00:08 AM
2021/02/22,7839,110,0.014,7714,15,1530444,42712,1485314,2418,10/10/2023 04:30:38 AM,10/10/2023 09:00:08 AM
2021/02/23,7754,96,0.012,7647,11,1538198,42808,1492961,2429,10/10/2023 04:30:38 AM,10/10/2023 09:00:08 AM
2021/02/24,8158,83,0.010,8055,20,1546356,42891,1501016,2449,10/10/2023 04:30:38 AM,10/10/2023 09:00:08 AM
2021/02/25,7177,86,0.012,7085,6,1553533,42977,1508101,2455,10/10/2023 04:30:38 AM,10/10/2023 09:00:08 AM
2021/02/26,6418,74,0.012,6336,8,1559951,43051,1514437,2463,10/10/2023 04:30:38 AM,10/10/2023 09:00:08 AM
2021/02/27,2847,33,0.012,2810,4,1562798,43084,1517247,2467,10/10/2023 04:30:38 AM,10/10/2023 09:00:08 AM
2021/02/28,2134,36,0.017,2093,5,1564932,43120,1519340,2472,10/10/2023 04:30:38 AM,10/10/2023 09:00:08 AM
2021/03/01,7481,67,0.009,7404,10,1572413,43187,1526744,2482,10/10/2023 04:30:38 AM,10/10/2023 09:00:08 AM
2021/03/02,7485,62,0.008,7418,5,1579898,43249,1534162,2487,10/10/2023 04:30:38 AM,10/10/2023 09:00:08 AM
2021/03/03,7801,58,0.007,7734,9,1587699,43307,1541896,2496,10/10/2023 04:30:38 AM,10/10/2023 09:00:08 AM
2021/03/04,7070,43,0.006,7023,4,1594769,43350,1548919,2500,10/10/2023 04:30:38 AM,10/10/2023 09:00:08 AM
2021/03/05,6053,51,0.008,5990,12,1600822,43401,1554909,2512,10/10/2023 04:30:38 AM,10/10/2023 09:00:08 AM
2021/03/06,2393,41,0.017,2348,4,1603215,43442,1557257,2516,10/10/2023 04:30:38 AM,10/10/2023 09:00:08 AM
2021/03/07,2009,30,0.015,1978,1,1605224,43472,1559235,2517,10/10/2023 04:30:38 AM,10/10/2023 09:00:08 AM
2021/03/08,7378,63,0.009,7305,10,1612602,43535,1566540,2527,10/10/2023 04:30:38 AM,10/10/2023 09:00:08 AM
2021/03/09,7306,50,0.007,7248,8,1619908,43585,1573788,2535,10/10/2023 04:30:38 AM,10/10/2023 09:00:08 AM
2021/03/10,7214,37,0.005,7162,15,1627122,43622,1580950,2550,10/10/2023 04:30:38 AM,10/10/2023 09:00:08 AM
2021/03/11,6074,48,0.008,6019,7,1633196,43670,1586969,2557,10/10/2023 04:30:38 AM,10/10/2023 09:00:08 AM
2021/03/12,5554,65,0.012,5481,8,1638750,43735,1592450,2565,10/10/2023 04:30:38 AM,10/10/2023 09:00:08 AM
2021/03/13,2463,32,0.013,2427,4,1641213,43767,1594877,2569,10/10/2023 04:30:38 AM,10/10/2023 09:00:08 AM
2021/03/14,2033,21,0.010,2010,2,1643246,43788,1596887,2571,10/10/2023 04:30:38 AM,10/10/2023 09:00:08 AM
2021/03/15,6640,50,0.008,6583,7,1649886,43838,1603470,2578,10/10/2023 04:30:38 AM,10/10/2023 09:00:08 AM
2021/03/16,6723,34,0.005,6682,7,1656609,43872,1610152,2585,10/10/2023 04:30:38 AM,10/10/2023 09:00:08 AM
2021/03/17,6728,48,0.007,6675,5,1663337,43920,1616827,2590,10/10/2023 04:30:38 AM,10/10/2023 09:00:08 AM
2021/03/18,5670,45,0.008,5621,4,1669007,43965,1622448,2594,10/10/2023 04:30:38 AM,10/10/2023 09:00:08 AM
2021/03/19,6229,68,0.011,6155,6,1675236,44033,1628603,2600,10/10/2023 04:30:38 AM,10/10/2023 09:00:08 AM
2021/03/20,2426,41,0.017,2384,1,1677662,44074,1630987,2601,10/10/2023 04:30:38 AM,10/10/2023 09:00:08 AM
2021/03/21,2055,26,0.013,2028,1,1679717,44100,1633015,2602,10/10/2023 04:30:38 AM,10/10/2023 09:00:08 AM
2021/03/22,7398,56,0.008,7338,4,1687115,44156,1640353,2606,10/10/2023 04:30:38 AM,10/10/2023 09:00:08 AM
2021/03/23,7542,53,0.007,7487,2,1694657,44209,1647840,2608,10/10/2023 04:30:38 AM,10/10/2023 09:00:08 AM
2021/03/24,7337,68,0.009,7262,7,1701994,44277,1655102,2615,10/10/2023 04:30:38 AM,10/10/2023 09:00:08 AM
2021/03/25,6288,62,0.010,6217,9,1708282,44339,1661319,2624,10/10/2023 04:30:38 AM,10/10/2023 09:00:08 AM
2021/03/26,5695,58,0.010,5635,2,1713977,44397,1666954,2626,10/10/2023 04:30:38 AM,10/10/2023 09:00:08 AM
2021/03/27,2635,31,0.012,2599,5,1716612,44428,1669553,2631,10/10/2023 04:30:38 AM,10/10/2023 09:00:08 AM
2021/03/28,1997,23,0.012,1974,0,1718609,44451,1671527,2631,10/10/2023 04:30:38 AM,10/10/2023 09:00:08 AM
2021/03/29,6977,67,0.010,6907,3,1725586,44518,1678434,2634,10/10/2023 04:30:38 AM,10/10/2023 09:00:08 AM
2021/03/30,7150,43,0.006,7106,1,1732736,44561,1685540,2635,10/10/2023 04:30:38 AM,10/10/2023 09:00:08 AM
2021/03/31,6109,67,0.011,6039,3,1738845,44628,1691579,2638,10/10/2023 04:30:38 AM,10/10/2023 09:00:08 AM
2021/04/01,5786,61,0.011,5715,10,1744631,44689,1697294,2648,10/10/2023 04:30:38 AM,10/10/2023 09:00:08 AM
2021/04/02,5479,44,0.008,5434,1,1750110,44733,1702728,2649,10/10/2023 04:30:38 AM,10/10/2023 09:00:08 AM
2021/04/03,2338,35,0.015,2302,1,1752448,44768,1705030,2650,10/10/2023 04:30:38 AM,10/10/2023 09:00:08 AM
2021/04/04,1479,14,0.009,1465,0,1753927,44782,1706495,2650,10/10/2023 04:30:38 AM,10/10/2023 09:00:08 AM
2021/04/05,6375,74,0.012,6296,5,1760302,44856,1712791,2655,10/10/2023 04:30:38 AM,10/10/2023 09:00:08 AM
2021/04/06,6328,44,0.007,6279,5,1766630,44900,1719070,2660,10/10/2023 04:30:38 AM,10/10/2023 09:00:08 AM
2021/04/07,6325,63,0.010,6258,4,1772955,44963,1725328,2664,10/10/2023 04:30:38 AM,10/10/2023 09:00:08 AM
2021/04/08,5839,61,0.010,5775,3,1778794,45024,1731103,2667,10/10/2023 04:30:38 AM,10/10/2023 09:00:08 AM
2021/04/09,5671,49,0.009,5618,4,1784465,45073,1736721,2671,10/10/2023 04:30:38 AM,10/10/2023 09:00:08 AM
2021/04/10,2414,45,0.019,2365,4,1786879,45118,1739086,2675,10/10/2023 04:30:38 AM,10/10/2023 09:00:08 AM
2021/04/11,1899,20,0.011,1878,1,1788778,45138,1740964,2676,10/10/2023 04:30:38 AM,10/10/2023 09:00:08 AM
2021/04/12,8018,58,0.007,7952,8,1796796,45196,1748916,2684,10/10/2023 04:30:38 AM,10/10/2023 09:00:08 AM
2021/04/13,7133,52,0.007,7078,3,1803929,45248,1755994,2687,10/10/2023 04:30:38 AM,10/10/2023 09:00:08 AM
2021/04/14,6305,68,0.011,6236,1,1810234,45316,1762230,2688,10/10/2023 04:30:38 AM,10/10/2023 09:00:08 AM
2021/04/15,5503,59,0.011,5441,3,1815737,45375,1767671,2691,10/10/2023 04:30:38 AM,10/10/2023 09:00:08 AM
2021/04/16,5380,37,0.007,5343,0,1821117,45412,1773014,2691,10/10/2023 04:30:38 AM,10/10/2023 09:00:08 AM
2021/04/17,2125,36,0.017,2088,1,1823242,45448,1775102,2692,10/10/2023 04:30:38 AM,10/10/2023 09:00:08 AM
2021/04/18,1691,21,0.012,1670,0,1824933,45469,1776772,2692,10/10/2023 04:30:38 AM,10/10/2023 09:00:08 AM
2021/04/19,6973,43,0.006,6926,4,1831906,45512,1783698,2696,10/10/2023 04:30:38 AM,10/10/2023 09:00:08 AM
2021/04/20,6225,45,0.007,6178,2,1838131,45557,1789876,2698,10/10/2023 04:30:38 AM,10/10/2023 09:00:08 AM
2021/04/21,5965,34,0.006,5928,3,1844096,45591,1795804,2701,10/10/2023 04:30:38 AM,10/10/2023 09:00:08 AM
2021/04/22,6013,36,0.006,5976,1,1850109,45627,1801780,2702,10/10/2023 04:30:38 AM,10/10/2023 09:00:08 AM
2021/04/23,5557,30,0.005,5520,7,1855666,45657,1807300,2709,10/10/2023 04:30:38 AM,10/10/2023 09:00:08 AM
2021/04/24,2361,21,0.009,2340,0,1858027,45678,1809640,2709,10/10/2023 04:30:38 AM,10/10/2023 09:00:08 AM
2021/04/25,2051,21,0.010,2029,1,1860078,45699,1811669,2710,10/10/2023 04:30:38 AM,10/10/2023 09:00:08 AM
2021/04/26,7555,49,0.006,7504,2,1867633,45748,1819173,2712,10/10/2023 04:30:38 AM,10/10/2023 09:00:08 AM
2021/04/27,6565,27,0.004,6537,1,1874198,45775,1825710,2713,10/10/2023 04:30:38 AM,10/10/2023 09:00:08 AM
2021/04/28,6076,42,0.007,6029,5,1880274,45817,1831739,2718,10/10/2023 04:30:38 AM,10/10/2023 09:00:08 AM
2021/04/29,5594,50,0.009,5539,5,1885868,45867,1837278,2723,10/10/2023 04:30:38 AM,10/10/2023 09:00:08 AM
2021/04/30,5346,46,0.009,5296,4,1891214,45913,1842574,2727,10/10/2023 04:30:38 AM,10/10/2023 09:00:08 AM
2021/05/01,1809,26,0.014,1783,0,1893023,45939,1844357,2727,10/10/2023 04:30:38 AM,10/10/2023 09:00:08 AM
2021/05/02,1540,15,0.010,1524,1,1894563,45954,1845881,2728,10/10/2023 04:30:38 AM,10/10/2023 09:00:08 AM
2021/05/03,6453,34,0.005,6418,1,1901016,45988,1852299,2729,10/10/2023 04:30:38 AM,10/10/2023 09:00:08 AM
2021/05/04,6076,40,0.007,6032,4,1907092,46028,1858331,2733,10/10/2023 04:30:38 AM,10/10/2023 09:00:08 AM
2021/05/05,5841,27,0.005,5810,4,1912933,46055,1864141,2737,10/10/2023 04:30:38 AM,10/10/2023 09:00:08 AM
2021/05/06,5457,30,0.005,5427,0,1918390,46085,1869568,2737,10/10/2023 04:30:38 AM,10/10/2023 09:00:08 AM
2021/05/07,5413,29,0.005,5383,1,1923803,46114,1874951,2738,10/10/2023 04:30:38 AM,10/10/2023 09:00:08 AM
2021/05/08,2257,21,0.009,2236,0,1926060,46135,1877187,2738,10/10/2023 04:30:38 AM,10/10/2023 09:00:08 AM
2021/05/09,1601,24,0.015,1577,0,1927661,46159,1878764,2738,10/10/2023 04:30:38 AM,10/10/2023 09:00:08 AM
2021/05/10,6516,16,0.002,6496,4,1934177,46175,1885260,2742,10/10/2023 04:30:38 AM,10/10/2023 09:00:08 AM
2021/05/11,6079,33,0.005,6043,3,1940256,46208,1891303,2745,10/10/2023 04:30:38 AM,10/10/2023 09:00:08 AM
2021/05/12,4538,28,0.006,4506,4,1944794,46236,1895809,2749,10/10/2023 04:30:38 AM,10/10/2023 09:00:08 AM
2021/05/13,4750,29,0.006,4719,2,1949544,46265,1900528,2751,10/10/2023 04:30:38 AM,10/10/2023 09:00:08 AM
2021/05/14,4188,22,0.005,4164,2,1953732,46287,1904692,2753,10/10/2023 04:30:38 AM,10/10/2023 09:00:08 AM
2021/05/15,1749,9,0.005,1740,0,1955481,46296,1906432,2753,10/10/2023 04:30:38 AM,10/10/2023 09:00:08 AM
2021/05/16,1718,12,0.007,1704,2,1957199,46308,1908136,2755,10/10/2023 04:30:38 AM,10/10/2023 09:00:08 AM
2021/05/17,5383,22,0.004,5357,4,1962582,46330,1913493,2759,10/10/2023 04:30:38 AM,10/10/2023 09:00:08 AM
2021/05/18,4687,24,0.005,4662,1,1967269,46354,1918155,2760,10/10/2023 04:30:38 AM,10/10/2023 09:00:08 AM
2021/05/19,4784,29,0.006,4754,1,1972053,46383,1922909,2761,10/10/2023 04:30:38 AM,10/10/2023 09:00:08 AM
2021/05/20,4414,30,0.007,4383,1,1976467,46413,1927292,2762,10/10/2023 04:30:38 AM,10/10/2023 09:00:08 AM
2021/05/21,4209,21,0.005,4185,3,1980676,46434,1931477,2765,10/10/2023 04:30:38 AM,10/10/2023 09:00:08 AM
2021/05/22,1783,12,0.007,1770,1,1982459,46446,1933247,2766,10/10/2023 04:30:38 AM,10/10/2023 09:00:08 AM
2021/05/23,1493,12,0.008,1481,0,1983952,46458,1934728,2766,10/10/2023 04:30:38 AM,10/10/2023 09:00:08 AM
2021/05/24,4856,20,0.004,4831,5,1988808,46478,1939559,2771,10/10/2023 04:30:38 AM,10/10/2023 09:00:08 AM
2021/05/25,4916,25,0.005,4889,2,1993724,46503,1944448,2773,10/10/2023 04:30:38 AM,10/10/2023 09:00:08 AM
2021/05/26,4284,24,0.006,4260,0,1998008,46527,1948708,2773,10/10/2023 04:30:38 AM,10/10/2023 09:00:08 AM
2021/05/27,3846,16,0.004,3829,1,2001854,46543,1952537,2774,10/10/2023 04:30:38 AM,10/10/2023 09:00:08 AM
2021/05/28,3812,15,0.004,3797,0,2005666,46558,1956334,2774,10/10/2023 04:30:38 AM,10/10/2023 09:00:08 AM
2021/05/29,1723,9,0.005,1714,0,2007389,46567,1958048,2774,10/10/2023 04:30:38 AM,10/10/2023 09:00:08 AM
2021/05/30,1468,15,0.010,1452,1,2008857,46582,1959500,2775,10/10/2023 04:30:38 AM,10/10/2023 09:00:08 AM
2021/05/31,1979,14,0.007,1965,0,2010836,46596,1961465,2775,10/10/2023 04:30:38 AM,10/10/2023 09:00:08 AM
2021/06/01,5111,32,0.006,5078,1,2015947,46628,1966543,2776,10/10/2023 04:30:38 AM,10/10/2023 09:00:08 AM
2021/06/02,4766,24,0.005,4739,3,2020713,46652,1971282,2779,10/10/2023 04:30:38 AM,10/10/2023 09:00:08 AM
2021/06/03,3854,26,0.007,3826,2,2024567,46678,1975108,2781,10/10/2023 04:30:38 AM,10/10/2023 09:00:08 AM
2021/06/04,3456,18,0.005,3438,0,2028023,46696,1978546,2781,10/10/2023 04:30:38 AM,10/10/2023 09:00:08 AM
2021/06/05,1719,11,0.006,1708,0,2029742,46707,1980254,2781,10/10/2023 04:30:38 AM,10/10/2023 09:00:08 AM
2021/06/06,1574,11,0.007,1563,0,2031316,46718,1981817,2781,10/10/2023 04:30:38 AM,10/10/2023 09:00:08 AM
2021/06/07,4075,19,0.005,4054,2,2035391,46737,1985871,2783,10/10/2023 04:30:38 AM,10/10/2023 09:00:08 AM
2021/06/08,3899,18,0.005,3878,3,2039290,46755,1989749,2786,10/10/2023 04:30:38 AM,10/10/2023 09:00:08 AM
2021/06/09,4051,17,0.004,4033,1,2043341,46772,1993782,2787,10/10/2023 04:30:38 AM,10/10/2023 09:00:08 AM
2021/06/10,3380,20,0.006,3359,1,2046721,46792,1997141,2788,10/10/2023 04:30:38 AM,10/10/2023 09:00:08 AM
2021/06/11,3342,14,0.004,3327,1,2050063,46806,2000468,2789,10/10/2023 04:30:38 AM,10/10/2023 09:00:08 AM
2021/06/12,1830,11,0.006,1819,0,2051893,46817,2002287,2789,10/10/2023 04:30:38 AM,10/10/2023 09:00:08 AM
2021/06/13,1558,7,0.004,1551,0,2053451,46824,2003838,2789,10/10/2023 04:30:38 AM,10/10/2023 09:00:08 AM
2021/06/14,3825,19,0.005,3804,2,2057276,46843,2007642,2791,10/10/2023 04:30:38 AM,10/10/2023 09:00:08 AM
2021/06/15,3567,14,0.004,3551,2,2060843,46857,2011193,2793,10/10/2023 04:30:38 AM,10/10/2023 09:00:08 AM
2021/06/16,3470,17,0.005,3453,0,2064313,46874,2014646,2793,10/10/2023 04:30:38 AM,10/10/2023 09:00:08 AM
2021/06/17,3184,21,0.007,3161,2,2067497,46895,2017807,2795,10/10/2023 04:30:38 AM,10/10/2023 09:00:08 AM
2021/06/18,3007,13,0.004,2992,2,2070504,46908,2020799,2797,10/10/2023 04:30:38 AM,10/10/2023 09:00:08 AM
2021/06/19,1583,7,0.004,1576,0,2072087,46915,2022375,2797,10/10/2023 04:30:38 AM,10/10/2023 09:00:08 AM
2021/06/20,1199,9,0.008,1190,0,2073286,46924,2023565,2797,10/10/2023 04:30:38 AM,10/10/2023 09:00:08 AM
2021/06/21,3683,26,0.007,3656,1,2076969,46950,2027221,2798,10/10/2023 04:30:38 AM,10/10/2023 09:00:08 AM
2021/06/22,3146,19,0.006,3127,0,2080115,46969,2030348,2798,10/10/2023 04:30:38 AM,10/10/2023 09:00:08 AM
2021/06/23,3333,24,0.007,3309,0,2083448,46993,2033657,2798,10/10/2023 04:30:38 AM,10/10/2023 09:00:08 AM
2021/06/24,3057,25,0.008,3032,0,2086505,47018,2036689,2798,10/10/2023 04:30:38 AM,10/10/2023 09:00:08 AM
2021/06/25,2681,14,0.005,2666,1,2089186,47032,2039355,2799,10/10/2023 04:30:38 AM,10/10/2023 09:00:08 AM
2021/06/26,1656,19,0.011,1637,0,2090842,47051,2040992,2799,10/10/2023 04:30:38 AM,10/10/2023 09:00:08 AM
2021/06/27,1329,10,0.008,1319,0,2092171,47061,2042311,2799,10/10/2023 04:30:38 AM,10/10/2023 09:00:08 AM
2021/06/28,3681,40,0.011,3640,1,2095852,47101,2045951,2800,10/10/2023 04:30:38 AM,10/10/2023 09:00:08 AM
2021/06/29,3691,50,0.014,3638,3,2099543,47151,2049589,2803,10/10/2023 04:30:38 AM,10/10/2023 09:00:08 AM
2021/06/30,3685,48,0.013,3636,1,2103228,47199,2053225,2804,10/10/2023 04:30:38 AM,10/10/2023 09:00:08 AM
2021/07/01,3548,50,0.014,3496,2,2106776,47249,2056721,2806,10/10/2023 04:30:38 AM,10/10/2023 09:00:08 AM
2021/07/02,3097,45,0.015,3049,3,2109873,47294,2059770,2809,10/10/2023 04:30:38 AM,10/10/2023 09:00:08 AM
2021/07/03,1859,46,0.025,1810,3,2111732,47340,2061580,2812,10/10/2023 04:30:38 AM,10/10/2023 09:00:08 AM
2021/07/04,1010,18,0.018,991,1,2112742,47358,2062571,2813,10/10/2023 04:30:38 AM,10/10/2023 09:00:08 AM
2021/07/05,1681,21,0.013,1658,2,2114423,47379,2064229,2815,10/10/2023 04:30:38 AM,10/10/2023 09:00:08 AM
2021/07/06,3972,94,0.024,3873,5,2118395,47473,2068102,2820,10/10/2023 04:30:38 AM,10/10/2023 09:00:08 AM
2021/07/07,3774,104,0.028,3668,2,2122169,47577,2071770,2822,10/10/2023 04:30:38 AM,10/10/2023 09:00:08 AM
2021/07/08,3743,126,0.034,3616,1,2125912,47703,2075386,2823,10/10/2023 04:30:38 AM,10/10/2023 09:00:08 AM
2021/07/09,3432,106,0.031,3321,5,2129344,47809,2078707,2828,10/10/2023 04:30:38 AM,10/10/2023 09:00:08 AM
2021/07/10,1838,83,0.045,1753,2,2131182,47892,2080460,2830,10/10/2023 04:30:38 AM,10/10/2023 09:00:08 AM
2021/07/11,1389,68,0.049,1320,1,2132571,47960,2081780,2831,10/10/2023 04:30:38 AM,10/10/2023 09:00:08 AM
2021/07/12,3935,138,0.035,3795,2,2136506,48098,2085575,2833,10/10/2023 04:30:38 AM,10/10/2023 09:00:08 AM
2021/07/13,4380,156,0.036,4219,5,2140886,48254,2089794,2838,10/10/2023 04:30:38 AM,10/10/2023 09:00:08 AM
2021/07/14,4512,166,0.037,4343,3,2145398,48420,2094137,2841,10/10/2023 04:30:38 AM,10/10/2023 09:00:08 AM
2021/07/15,4514,214,0.047,4295,5,2149912,48634,2098432,2846,10/10/2023 04:30:38 AM,10/10/2023 09:00:08 AM
2021/07/16,4258,172,0.040,4083,3,2154170,48806,2102515,2849,10/10/2023 04:30:38 AM,10/10/2023 09:00:08 AM
2021/07/17,2847,132,0.046,2712,3,2157017,48938,2105227,2852,10/10/2023 04:30:38 AM,10/10/2023 09:00:08 AM
2021/07/18,1724,87,0.050,1636,1,2158741,49025,2106863,2853,10/10/2023 04:30:38 AM,10/10/2023 09:00:08 AM
2021/07/19,5038,221,0.044,4814,3,2163779,49246,2111677,2856,10/10/2023 04:30:38 AM,10/10/2023 09:00:08 AM
2021/07/20,5308,284,0.054,5011,13,2169087,49530,2116688,2869,10/10/2023 04:30:38 AM,10/10/2023 09:00:08 AM
2021/07/21,5870,302,0.051,5563,5,2174957,49832,2122251,2874,10/10/2023 04:30:38 AM,10/10/2023 09:00:08 AM
2021/07/22,6105,289,0.047,5808,8,2181062,50121,2128059,2882,10/10/2023 04:30:38 AM,10/10/2023 09:00:08 AM
2021/07/23,5044,280,0.056,4761,3,2186106,50401,2132820,2885,10/10/2023 04:30:38 AM,10/10/2023 09:00:08 AM
2021/07/24,2879,186,0.065,2688,5,2188985,50587,2135508,2890,10/10/2023 04:30:38 AM,10/10/2023 09:00:08 AM
2021/07/25,2239,134,0.060,2104,1,2191224,50721,2137612,2891,10/10/2023 04:30:38 AM,10/10/2023 09:00:08 AM
2021/07/26,6309,335,0.053,5965,9,2197533,51056,2143577,2900,10/10/2023 04:30:38 AM,10/10/2023 09:00:08 AM
2021/07/27,7006,399,0.057,6599,8,2204539,51455,2150176,2908,10/10/2023 04:30:38 AM,10/10/2023 09:00:08 AM
2021/07/28,6742,478,0.071,6254,10,2211281,51933,2156430,2918,10/10/2023 04:30:38 AM,10/10/2023 09:00:08 AM
2021/07/29,7442,534,0.072,6896,12,2218723,52467,2163326,2930,10/10/2023 04:30:38 AM,10/10/2023 09:00:08 AM
2021/07/30,6817,333,0.049,6468,16,2225540,52800,2169794,2946,10/10/2023 04:30:38 AM,10/10/2023 09:00:08 AM
2021/07/31,3664,260,0.071,3400,4,2229204,53060,2173194,2950,10/10/2023 04:30:38 AM,10/10/2023 09:00:08 AM
2021/08/01,2802,174,0.062,2625,3,2232006,53234,2175819,2953,10/10/2023 04:30:38 AM,10/10/2023 09:00:08 AM
2021/08/02,7896,436,0.055,7445,15,2239902,53670,2183264,2968,10/10/2023 04:30:38 AM,10/10/2023 09:00:08 AM
2021/08/03,8395,412,0.049,7974,9,2248297,54082,2191238,2977,10/10/2023 04:30:38 AM,10/10/2023 09:00:08 AM
2021/08/04,8191,436,0.053,7745,10,2256488,54518,2198983,2987,10/10/2023 04:30:38 AM,10/10/2023 09:00:08 AM
2021/08/05,8433,416,0.049,8001,16,2264921,54934,2206984,3003,10/10/2023 04:30:38 AM,10/10/2023 09:00:08 AM
2021/08/06,7018,352,0.050,6651,15,2271939,55286,2213635,3018,10/10/2023 04:30:38 AM,10/10/2023 09:00:08 AM
2021/08/07,3853,217,0.056,3631,5,2275792,55503,2217266,3023,10/10/2023 04:30:38 AM,10/10/2023 09:00:08 AM
2021/08/08,2903,193,0.067,2702,8,2278695,55696,2219968,3031,10/10/2023 04:30:38 AM,10/10/2023 09:00:08 AM
2021/08/09,8069,364,0.045,7700,5,2286764,56060,2227668,3036,10/10/2023 04:30:38 AM,10/10/2023 09:00:08 AM
2021/08/10,8138,338,0.042,7790,10,2294902,56398,2235458,3046,10/10/2023 04:30:38 AM,10/10/2023 09:00:08 AM
2021/08/11,8409,369,0.044,8027,13,2303311,56767,2243485,3059,10/10/2023 04:30:38 AM,10/10/2023 09:00:08 AM
2021/08/12,8067,328,0.041,7720,19,2311378,57095,2251205,3078,10/10/2023 04:30:38 AM,10/10/2023 09:00:08 AM
2021/08/13,6774,291,0.043,6469,14,2318152,57386,2257674,3092,10/10/2023 04:30:38 AM,10/10/2023 09:00:08 AM
2021/08/14,3601,173,0.048,3420,8,2321753,57559,2261094,3100,10/10/2023 04:30:38 AM,10/10/2023 09:00:08 AM
2021/08/15,2549,141,0.055,2400,8,2324302,57700,2263494,3108,10/10/2023 04:30:38 AM,10/10/2023 09:00:08 AM
2021/08/16,7682,316,0.041,7354,12,2331984,58016,2270848,3120,10/10/2023 04:30:38 AM,10/10/2023 09:00:08 AM
2021/08/17,7924,282,0.036,7632,10,2339908,58298,2278480,3130,10/10/2023 04:30:38 AM,10/10/2023 09:00:08 AM
2021/08/18,8432,254,0.030,8168,10,2348340,58552,2286648,3140,10/10/2023 04:30:38 AM,10/10/2023 09:00:08 AM
2021/08/19,8121,288,0.036,7820,13,2356461,58840,2294468,3153,10/10/2023 04:30:38 AM,10/10/2023 09:00:08 AM
2021/08/20,7011,213,0.030,6784,14,2363472,59053,2301252,3167,10/10/2023 04:30:38 AM,10/10/2023 09:00:08 AM
2021/08/21,3542,111,0.031,3426,5,2367014,59164,2304678,3172,10/10/2023 04:30:38 AM,10/10/2023 09:00:08 AM
2021/08/22,2939,112,0.038,2827,0,2369953,59276,2307505,3172,10/10/2023 04:30:38 AM,10/10/2023 09:00:08 AM
2021/08/23,8177,226,0.028,7942,9,2378130,59502,2315447,3181,10/10/2023 04:30:38 AM,10/10/2023 09:00:08 AM
2021/08/24,8049,209,0.026,7820,20,2386179,59711,2323267,3201,10/10/2023 04:30:38 AM,10/10/2023 09:00:08 AM
2021/08/25,9022,241,0.027,8771,10,2395201,59952,2332038,3211,10/10/2023 04:30:38 AM,10/10/2023 09:00:08 AM
2021/08/26,8791,220,0.025,8555,16,2403992,60172,2340593,3227,10/10/2023 04:30:38 AM,10/10/2023 09:00:08 AM
2021/08/27,6818,164,0.024,6613,41,2410810,60336,2347206,3268,10/10/2023 04:30:38 AM,10/10/2023 09:00:08 AM
2021/08/28,3552,89,0.025,3461,2,2414362,60425,2350667,3270,10/10/2023 04:30:38 AM,10/10/2023 09:00:08 AM
2021/08/29,2658,85,0.032,2569,4,2417020,60510,2353236,3274,10/10/2023 04:30:38 AM,10/10/2023 09:00:08 AM
2021/08/30,9019,187,0.021,8821,11,2426039,60697,2362057,3285,10/10/2023 04:30:38 AM,10/10/2023 09:00:08 AM
2021/08/31,8113,189,0.023,7917,7,2434152,60886,2369974,3292,10/10/2023 04:30:38 AM,10/10/2023 09:00:08 AM
2021/09/01,8953,183,0.020,8762,8,2443105,61069,2378736,3300,10/10/2023 04:30:38 AM,10/10/2023 09:00:08 AM
2021/09/02,8251,153,0.019,8084,14,2451356,61222,2386820,3314,10/10/2023 04:30:38 AM,10/10/2023 09:00:08 AM
2021/09/03,6299,152,0.024,6136,11,2457655,61374,2392956,3325,10/10/2023 04:30:38 AM,10/10/2023 09:00:08 AM
2021/09/04,3162,92,0.029,3064,6,2460817,61466,2396020,3331,10/10/2023 04:30:38 AM,10/10/2023 09:00:08 AM
2021/09/05,2394,82,0.034,2312,0,2463211,61548,2398332,3331,10/10/2023 04:30:38 AM,10/10/2023 09:00:08 AM
2021/09/06,3101,81,0.026,3019,1,2466312,61629,2401351,3332,10/10/2023 04:30:38 AM,10/10/2023 09:00:08 AM
2021/09/07,9381,189,0.020,9186,6,2475693,61818,2410537,3338,10/10/2023 04:30:38 AM,10/10/2023 09:00:08 AM
2021/09/08,9347,186,0.020,9154,7,2485040,62004,2419691,3345,10/10/2023 04:30:38 AM,10/10/2023 09:00:08 AM
2021/09/09,8186,194,0.024,7982,10,2493226,62198,2427673,3355,10/10/2023 04:30:38 AM,10/10/2023 09:00:08 AM
2021/09/10,6746,167,0.025,6574,5,2499972,62365,2434247,3360,10/10/2023 04:30:38 AM,10/10/2023 09:00:08 AM
2021/09/11,3289,101,0.031,3184,4,2503261,62466,2437431,3364,10/10/2023 04:30:38 AM,10/10/2023 09:00:08 AM
2021/09/12,2564,61,0.024,2498,5,2505825,62527,2439929,3369,10/10/2023 04:30:38 AM,10/10/2023 09:00:08 AM
2021/09/13,7938,156,0.020,7777,5,2513763,62683,2447706,3374,10/10/2023 04:30:38 AM,10/10/2023 09:00:08 AM
2021/09/14,8721,164,0.019,8551,6,2522484,62847,2456257,3380,10/10/2023 04:30:38 AM,10/10/2023 09:00:08 AM
2021/09/15,8538,185,0.022,8347,6,2531022,63032,2464604,3386,10/10/2023 04:30:38 AM,10/10/2023 09:00:08 AM
2021/09/16,8290,152,0.018,8126,12,2539312,63184,2472730,3398,10/10/2023 04:30:38 AM,10/10/2023 09:00:08 AM
2021/09/17,7439,135,0.018,7300,4,2546751,63319,2480030,3402,10/10/2023 04:30:38 AM,10/10/2023 09:00:08 AM
2021/09/18,3674,86,0.023,3586,2,2550425,63405,2483616,3404,10/10/2023 04:30:38 AM,10/10/2023 09:00:08 AM
2021/09/19,2800,78,0.028,2721,1,2553225,63483,2486337,3405,10/10/2023 04:30:38 AM,10/10/2023 09:00:08 AM
2021/09/20,9479,132,0.014,9341,6,2562704,63615,2495678,3411,10/10/2023 04:30:38 AM,10/10/2023 09:00:08 AM
2021/09/21,9274,127,0.014,9139,8,2571978,63742,2504817,3419,10/10/2023 04:30:38 AM,10/10/2023 09:00:08 AM
2021/09/22,9581,146,0.015,9432,3,2581559,63888,2514249,3422,10/10/2023 04:30:38 AM,10/10/2023 09:00:08 AM
2021/09/23,8318,129,0.016,8182,7,2589877,64017,2522431,3429,10/10/2023 04:30:38 AM,10/10/2023 09:00:08 AM
2021/09/24,6469,109,0.017,6351,9,2596346,64126,2528782,3438,10/10/2023 04:30:38 AM,10/10/2023 09:00:08 AM
2021/09/25,3126,69,0.022,3055,2,2599472,64195,2531837,3440,10/10/2023 04:30:38 AM,10/10/2023 09:00:08 AM
2021/09/26,2461,54,0.022,2407,0,2601933,64249,2534244,3440,10/10/2023 04:30:38 AM,10/10/2023 09:00:08 AM
2021/09/27,7944,146,0.018,7789,9,2609877,64395,2542033,3449,10/10/2023 04:30:38 AM,10/10/2023 09:00:08 AM
2021/09/28,7713,96,0.012,7612,5,2617590,64491,2549645,3454,10/10/2023 04:30:38 AM,10/10/2023 09:00:08 AM
2021/09/29,8480,147,0.017,8328,5,2626070,64638,2557973,3459,10/10/2023 04:30:38 AM,10/10/2023 09:00:08 AM
2021/09/30,7344,145,0.020,7193,6,2633414,64783,2565166,3465,10/10/2023 04:30:38 AM,10/10/2023 09:00:08 AM
2021/10/01,5658,131,0.023,5520,7,2639072,64914,2570686,3472,10/10/2023 04:30:38 AM,10/10/2023 09:00:08 AM
2021/10/02,2517,51,0.020,2465,1,2641589,64965,2573151,3473,10/10/2023 04:30:38 AM,10/10/2023 09:00:08 AM
2021/10/03,2353,46,0.020,2303,4,2643942,65011,2575454,3477,10/10/2023 04:30:38 AM,10/10/2023 09:00:08 AM
2021/10/04,7488,111,0.015,7369,8,2651430,65122,2582823,3485,10/10/2023 04:30:38 AM,10/10/2023 09:00:08 AM
2021/10/05,7402,119,0.016,7280,3,2658832,65241,2590103,3488,10/10/2023 04:30:38 AM,10/10/2023 09:00:08 AM
2021/10/06,7828,143,0.018,7680,5,2666660,65384,2597783,3493,10/10/2023 04:30:38 AM,10/10/2023 09:00:08 AM
2021/10/07,6631,93,0.014,6534,4,2673291,65477,2604317,3497,10/10/2023 04:30:38 AM,10/10/2023 09:00:08 AM
2021/10/08,5768,89,0.015,5676,3,2679059,65566,2609993,3500,10/10/2023 04:30:38 AM,10/10/2023 09:00:08 AM
2021/10/09,2549,53,0.021,2496,0,2681608,65619,2612489,3500,10/10/2023 04:30:38 AM,10/10/2023 09:00:08 AM
2021/10/10,2136,43,0.020,2093,0,2683744,65662,2614582,3500,10/10/2023 04:30:38 AM,10/10/2023 09:00:08 AM
2021/10/11,5720,80,0.014,5630,10,2689464,65742,2620212,3510,10/10/2023 04:30:38 AM,10/10/2023 09:00:08 AM
2021/10/12,7836,98,0.013,7733,5,2697300,65840,2627945,3515,10/10/2023 04:30:38 AM,10/10/2023 09:00:08 AM
2021/10/13,8137,93,0.011,8039,5,2705437,65933,2635984,3520,10/10/2023 04:30:38 AM,10/10/2023 09:00:08 AM
2021/10/14,6651,68,0.010,6576,7,2712088,66001,2642560,3527,10/10/2023 04:30:38 AM,10/10/2023 09:00:08 AM
2021/10/15,5346,81,0.015,5261,4,2717434,66082,2647821,3531,10/10/2023 04:30:38 AM,10/10/2023 09:00:08 AM
2021/10/16,2299,44,0.019,2252,3,2719733,66126,2650073,3534,10/10/2023 04:30:38 AM,10/10/2023 09:00:08 AM
2021/10/17,1926,33,0.017,1891,2,2721659,66159,2651964,3536,10/10/2023 04:30:38 AM,10/10/2023 09:00:08 AM
2021/10/18,7034,84,0.012,6945,5,2728693,66243,2658909,3541,10/10/2023 04:30:38 AM,10/10/2023 09:00:08 AM
2021/10/19,6714,81,0.012,6627,6,2735407,66324,2665536,3547,10/10/2023 04:30:38 AM,10/10/2023 09:00:08 AM
2021/10/20,7875,106,0.013,7767,2,2743282,66430,2673303,3549,10/10/2023 04:30:38 AM,10/10/2023 09:00:08 AM
2021/10/21,6190,75,0.012,6111,4,2749472,66505,2679414,3553,10/10/2023 04:30:38 AM,10/10/2023 09:00:08 AM
2021/10/22,5327,65,0.012,5261,1,2754799,66570,2684675,3554,10/10/2023 04:30:38 AM,10/10/2023 09:00:08 AM
2021/10/23,2240,52,0.023,2187,1,2757039,66622,2686862,3555,10/10/2023 04:30:38 AM,10/10/2023 09:00:08 AM
2021/10/24,1311,17,0.013,1294,0,2758350,66639,2688156,3555,10/10/2023 04:30:38 AM,10/10/2023 09:00:08 AM
2021/10/25,6384,87,0.014,6292,5,2764734,66726,2694448,3560,10/10/2023 04:30:38 AM,10/10/2023 09:00:08 AM
2021/10/26,6478,82,0.013,6393,3,2771212,66808,2700841,3563,10/10/2023 04:30:38 AM,10/10/2023 09:00:08 AM
2021/10/27,7322,109,0.015,7209,4,2778534,66917,2708050,3567,10/10/2023 04:30:38 AM,10/10/2023 09:00:08 AM
2021/10/28,5937,86,0.014,5848,3,2784471,67003,2713898,3570,10/10/2023 04:30:38 AM,10/10/2023 09:00:08 AM
2021/10/29,5045,67,0.013,4975,3,2789516,67070,2718873,3573,10/10/2023 04:30:38 AM,10/10/2023 09:00:08 AM
2021/10/30,2138,58,0.027,2078,2,2791654,67128,2720951,3575,10/10/2023 04:30:38 AM,10/10/2023 09:00:08 AM
2021/10/31,1695,31,0.018,1663,1,2793349,67159,2722614,3576,10/10/2023 04:30:38 AM,10/10/2023 09:00:08 AM
2021/11/01,6305,80,0.013,6225,0,2799654,67239,2728839,3576,10/10/2023 04:30:38 AM,10/10/2023 09:00:08 AM
2021/11/02,6782,95,0.014,6682,5,2806436,67334,2735521,3581,10/10/2023 04:30:38 AM,10/10/2023 09:00:08 AM
2021/11/03,7951,143,0.018,7806,2,2814387,67477,2743327,3583,10/10/2023 04:30:38 AM,10/10/2023 09:00:08 AM
2021/11/04,6671,124,0.019,6545,2,2821058,67601,2749872,3585,10/10/2023 04:30:38 AM,10/10/2023 09:00:08 AM
2021/11/05,5657,135,0.024,5517,5,2826715,67736,2755389,3590,10/10/2023 04:30:38 AM,10/10/2023 09:00:08 AM
2021/11/06,2512,73,0.029,2438,1,2829227,67809,2757827,3591,10/10/2023 04:30:38 AM,10/10/2023 09:00:08 AM
2021/11/07,2187,46,0.021,2138,3,2831414,67855,2759965,3594,10/10/2023 04:30:38 AM,10/10/2023 09:00:08 AM
2021/11/08,6707,107,0.016,6598,2,2838121,67962,2766563,3596,10/10/2023 04:30:38 AM,10/10/2023 09:00:08 AM
2021/11/09,6220,83,0.013,6134,3,2844341,68045,2772697,3599,10/10/2023 04:30:38 AM,10/10/2023 09:00:08 AM
2021/11/10,7447,114,0.015,7327,6,2851788,68159,2780024,3605,10/10/2023 04:30:38 AM,10/10/2023 09:00:08 AM
2021/11/11,4582,107,0.023,4475,0,2856370,68266,2784499,3605,10/10/2023 04:30:38 AM,10/10/2023 09:00:08 AM
2021/11/12,4998,78,0.016,4916,4,2861368,68344,2789415,3609,10/10/2023 04:30:38 AM,10/10/2023 09:00:08 AM
2021/11/13,2269,50,0.022,2219,0,2863637,68394,2791634,3609,10/10/2023 04:30:38 AM,10/10/2023 09:00:08 AM
2021/11/14,1813,36,0.020,1773,4,2865450,68430,2793407,3613,10/10/2023 04:30:38 AM,10/10/2023 09:00:08 AM
2021/11/15,6165,89,0.014,6075,1,2871615,68519,2799482,3614,10/10/2023 04:30:38 AM,10/10/2023 09:00:08 AM
2021/11/16,6205,88,0.014,6110,7,2877820,68607,2805592,3621,10/10/2023 04:30:38 AM,10/10/2023 09:00:08 AM
2021/11/17,7379,113,0.015,7260,6,2885199,68720,2812852,3627,10/10/2023 04:30:38 AM,10/10/2023 09:00:08 AM
2021/11/18,5790,86,0.015,5699,5,2890989,68806,2818551,3632,10/10/2023 04:30:38 AM,10/10/2023 09:00:08 AM
2021/11/19,5552,76,0.014,5473,3,2896541,68882,2824024,3635,10/10/2023 04:30:38 AM,10/10/2023 09:00:08 AM
2021/11/20,2544,57,0.022,2486,1,2899085,68939,2826510,3636,10/10/2023 04:30:38 AM,10/10/2023 09:00:08 AM
2021/11/21,2261,46,0.020,2214,1,2901346,68985,2828724,3637,10/10/2023 04:30:38 AM,10/10/2023 09:00:08 AM
2021/11/22,6630,84,0.013,6544,2,2907976,69069,2835268,3639,10/10/2023 04:30:38 AM,10/10/2023 09:00:08 AM
2021/11/23,5940,81,0.014,5855,4,2913916,69150,2841123,3643,10/10/2023 04:30:38 AM,10/10/2023 09:00:08 AM
2021/11/24,4274,85,0.020,4187,2,2918190,69235,2845310,3645,10/10/2023 04:30:38 AM,10/10/2023 09:00:08 AM
2021/11/25,781,16,0.020,765,0,2918971,69251,2846075,3645,10/10/2023 04:30:38 AM,10/10/2023 09:00:08 AM
2021/11/26,2570,58,0.023,2511,1,2921541,69309,2848586,3646,10/10/2023 04:30:38 AM,10/10/2023 09:00:08 AM
2021/11/27,2451,52,0.021,2398,1,2923992,69361,2850984,3647,10/10/2023 04:30:38 AM,10/10/2023 09:00:08 AM
2021/11/28,2354,38,0.016,2316,0,2926346,69399,2853300,3647,10/10/2023 04:30:38 AM,10/10/2023 09:00:08 AM
2021/11/29,7489,104,0.014,7376,9,2933835,69503,2860676,3656,10/10/2023 04:30:38 AM,10/10/2023 09:00:08 AM
2021/11/30,7372,138,0.019,7228,6,2941207,69641,2867904,3662,10/10/2023 04:30:38 AM,10/10/2023 09:00:08 AM
2021/12/01,8514,134,0.016,8379,1,2949721,69775,2876283,3663,10/10/2023 04:30:38 AM,10/10/2023 09:00:08 AM
2021/12/02,7105,108,0.015,6992,5,2956826,69883,2883275,3668,10/10/2023 04:30:38 AM,10/10/2023 09:00:08 AM
2021/12/03,6260,109,0.017,6149,2,2963086,69992,2889424,3670,10/10/2023 04:30:38 AM,10/10/2023 09:00:08 AM
2021/12/04,2926,68,0.023,2851,7,2966012,70060,2892275,3677,10/10/2023 04:30:38 AM,10/10/2023 09:00:08 AM
2021/12/05,2395,60,0.025,2334,1,2968407,70120,2894609,3678,10/10/2023 04:30:38 AM,10/10/2023 09:00:08 AM
2021/12/06,7518,112,0.015,7403,3,2975925,70232,2902012,3681,10/10/2023 04:30:38 AM,10/10/2023 09:00:08 AM
2021/12/07,7055,131,0.019,6918,6,2982980,70363,2908930,3687,10/10/2023 04:30:38 AM,10/10/2023 09:00:08 AM
2021/12/08,8469,138,0.016,8320,11,2991449,70501,2917250,3698,10/10/2023 04:30:38 AM,10/10/2023 09:00:08 AM
2021/12/09,6619,142,0.021,6470,7,2998068,70643,2923720,3705,10/10/2023 04:30:38 AM,10/10/2023 09:00:08 AM
2021/12/10,6146,122,0.020,6023,1,3004214,70765,2929743,3706,10/10/2023 04:30:38 AM,10/10/2023 09:00:08 AM
2021/12/11,3129,86,0.028,3035,8,3007343,70851,2932778,3714,10/10/2023 04:30:38 AM,10/10/2023 09:00:08 AM
2021/12/12,2594,75,0.029,2518,1,3009937,70926,2935296,3715,10/10/2023 04:30:38 AM,10/10/2023 09:00:08 AM
2021/12/13,6499,153,0.024,6341,5,3016436,71079,2941637,3720,10/10/2023 04:30:38 AM,10/10/2023 09:00:08 AM
2021/12/14,7850,290,0.037,7554,6,3024286,71369,2949191,3726,10/10/2023 04:30:38 AM,10/10/2023 09:00:08 AM
2021/12/15,9462,368,0.039,9089,5,3033748,71737,2958280,3731,10/10/2023 04:30:38 AM,10/10/2023 09:00:08 AM
2021/12/16,8559,384,0.045,8168,7,3042307,72121,2966448,3738,10/10/2023 04:30:38 AM,10/10/2023 09:00:08 AM
2021/12/17,9031,405,0.045,8613,13,3051338,72526,2975061,3751,10/10/2023 04:30:38 AM,10/10/2023 09:00:08 AM
2021/12/18,4848,310,0.064,4530,8,3056186,72836,2979591,3759,10/10/2023 04:30:38 AM,10/10/2023 09:00:08 AM
2021/12/19,3954,277,0.070,3674,3,3060140,73113,2983265,3762,10/10/2023 04:30:38 AM,10/10/2023 09:00:08 AM
2021/12/20,10075,734,0.073,9313,28,3070215,73847,2992578,3790,10/10/2023 04:30:38 AM,10/10/2023 09:00:08 AM
2021/12/21,11679,1074,0.092,10573,32,3081894,74921,3003151,3822,10/10/2023 04:30:38 AM,10/10/2023 09:00:08 AM
2021/12/22,13061,1294,0.099,11746,21,3094955,76215,3014897,3843,10/10/2023 04:30:38 AM,10/10/2023 09:00:08 AM
2021/12/23,11894,1381,0.116,10491,22,3106849,77596,3025388,3865,10/10/2023 04:30:38 AM,10/10/2023 09:00:08 AM
2021/12/24,6051,720,0.119,5321,10,3112900,78316,3030709,3875,10/10/2023 04:30:38 AM,10/10/2023 09:00:08 AM
2021/12/25,1153,142,0.123,1010,1,3114053,78458,3031719,3876,10/10/2023 04:30:38 AM,10/10/2023 09:00:08 AM
2021/12/26,5846,1026,0.176,4800,20,3119899,79484,3036519,3896,10/10/2023 04:30:38 AM,10/10/2023 09:00:08 AM
2021/12/27,11508,2049,0.179,9416,43,3131407,81533,3045935,3939,10/10/2023 04:30:38 AM,10/10/2023 09:00:08 AM
2021/12/28,13565,2339,0.173,11166,60,3144972,83872,3057101,3999,10/10/2023 04:30:38 AM,10/10/2023 09:00:08 AM
2021/12/29,13230,2230,0.169,10933,67,3158202,86102,3068034,4066,10/10/2023 04:30:38 AM,10/10/2023 09:00:08 AM
2021/12/30,14440,2491,0.173,11900,49,3172642,88593,3079934,4115,10/10/2023 04:30:38 AM,10/10/2023 09:00:08 AM
2021/12/31,8659,1329,0.154,7310,20,3181301,89922,3087244,4135,10/10/2023 04:30:38 AM,10/10/2023 09:00:08 AM
2022/01/01,1928,366,0.190,1557,5,3183229,90288,3088801,4140,10/10/2023 04:30:38 AM,10/10/2023 09:00:08 AM
2022/01/02,7696,1311,0.171,6350,35,3190925,91599,3095151,4175,10/10/2023 04:30:38 AM,10/10/2023 09:00:08 AM
2022/01/03,20160,3510,0.175,16555,95,3211085,95109,3111706,4270,10/10/2023 04:30:38 AM,10/10/2023 09:00:08 AM
2022/01/04,18980,3799,0.201,15080,101,3230065,98908,3126786,4371,10/10/2023 04:30:38 AM,10/10/2023 09:00:08 AM
2022/01/05,20553,3866,0.189,16562,125,3250618,102774,3143348,4496,10/10/2023 04:30:38 AM,10/10/2023 09:00:08 AM
2022/01/06,19089,3639,0.191,15369,81,3269707,106413,3158717,4577,10/10/2023 04:30:38 AM,10/10/2023 09:00:08 AM
2022/01/07,18958,3270,0.173,15611,77,3288665,109683,3174328,4654,10/10/2023 04:30:38 AM,10/10/2023 09:00:08 AM
2022/01/08,8644,1747,0.204,6812,85,3297309,111430,3181140,4739,10/10/2023 04:30:38 AM,10/10/2023 09:00:08 AM
2022/01/09,7077,1506,0.214,5518,53,3304386,112936,3186658,4792,10/10/2023 04:30:38 AM,10/10/2023 09:00:08 AM
2022/01/10,16404,2276,0.139,14064,64,3320790,115212,3200722,4856,10/10/2023 04:30:38 AM,10/10/2023 09:00:08 AM
2022/01/11,14900,2358,0.159,12457,85,3335690,117570,3213179,4941,10/10/2023 04:30:38 AM,10/10/2023 09:00:08 AM
2022/01/12,18096,3410,0.190,14504,182,3353786,120980,3227683,5123,10/10/2023 04:30:38 AM,10/10/2023 09:00:08 AM
2022/01/13,15719,2906,0.186,12708,105,3369505,123886,3240391,5228,10/10/2023 04:30:38 AM,10/10/2023 09:00:08 AM
2022/01/14,15186,2594,0.172,12478,114,3384691,126480,3252869,5342,10/10/2023 04:30:38 AM,10/10/2023 09:00:08 AM
2022/01/15,7426,1530,0.209,5779,117,3392117,128010,3258648,5459,10/10/2023 04:30:38 AM,10/10/2023 09:00:08 AM
2022/01/16,6067,1196,0.199,4819,52,3398184,129206,3263467,5511,10/10/2023 04:30:38 AM,10/10/2023 09:00:08 AM
2022/01/17,11395,2160,0.192,9092,143,3409579,131366,3272559,5654,10/10/2023 04:30:38 AM,10/10/2023 09:00:08 AM
2022/01/18,16488,2435,0.149,13954,99,3426067,133801,3286513,5753,10/10/2023 04:30:38 AM,10/10/2023 09:00:08 AM
2022/01/19,15235,2221,0.147,12935,79,3441302,136022,3299448,5832,10/10/2023 04:30:38 AM,10/10/2023 09:00:08 AM
2022/01/20,14214,2158,0.153,11906,150,3455516,138180,3311354,5982,10/10/2023 04:30:38 AM,10/10/2023 09:00:08 AM
2022/01/21,12917,1815,0.142,11002,100,3468433,139995,3322356,6082,10/10/2023 04:30:38 AM,10/10/2023 09:00:08 AM
2022/01/22,6009,1029,0.173,4936,44,3474442,141024,3327292,6126,10/10/2023 04:30:38 AM,10/10/2023 09:00:08 AM
2022/01/23,5269,799,0.152,4449,21,3479711,141823,3331741,6147,10/10/2023 04:30:38 AM,10/10/2023 09:00:08 AM
2022/01/24,14245,1723,0.122,12410,112,3493956,143546,3344151,6259,10/10/2023 04:30:38 AM,10/10/2023 09:00:08 AM
2022/01/25,12789,1425,0.112,11310,54,3506745,144971,3355461,6313,10/10/2023 04:30:38 AM,10/10/2023 09:00:08 AM
2022/01/26,12623,1311,0.105,11210,102,3519368,146282,3366671,6415,10/10/2023 04:30:38 AM,10/10/2023 09:00:08 AM
2022/01/27,11178,1152,0.104,9972,54,3530546,147434,3376643,6469,10/10/2023 04:30:38 AM,10/10/2023 09:00:08 AM
2022/01/28,10698,1002,0.094,9631,65,3541244,148436,3386274,6534,10/10/2023 04:30:38 AM,10/10/2023 09:00:08 AM
2022/01/29,4162,564,0.136,3573,25,3545406,149000,3389847,6559,10/10/2023 04:30:38 AM,10/10/2023 09:00:08 AM
2022/01/30,3630,375,0.104,3234,21,3549036,149375,3393081,6580,10/10/2023 04:30:38 AM,10/10/2023 09:00:08 AM
2022/01/31,10086,912,0.091,9092,82,3559122,150287,3402173,6662,10/10/2023 04:30:38 AM,10/10/2023 09:00:08 AM
2022/02/01,8501,677,0.080,7796,28,3567623,150964,3409969,6690,10/10/2023 04:30:38 AM,10/10/2023 09:00:08 AM
2022/02/02,10563,733,0.070,9793,37,3578186,151697,3419762,6727,10/10/2023 04:30:38 AM,10/10/2023 09:00:08 AM
2022/02/03,9410,627,0.067,8751,32,3587596,152324,3428513,6759,10/10/2023 04:30:38 AM,10/10/2023 09:00:08 AM
2022/02/04,8470,561,0.066,7876,33,3596066,152885,3436389,6792,10/10/2023 04:30:38 AM,10/10/2023 09:00:08 AM
2022/02/05,3173,336,0.106,2833,4,3599239,153221,3439222,6796,10/10/2023 04:30:38 AM,10/10/2023 09:00:08 AM
2022/02/06,2817,243,0.086,2569,5,3602056,153464,3441791,6801,10/10/2023 04:30:38 AM,10/10/2023 09:00:08 AM
2022/02/07,9246,614,0.067,8598,34,3611302,154078,3450389,6835,10/10/2023 04:30:38 AM,10/10/2023 09:00:08 AM
2022/02/08,7927,506,0.064,7406,15,3619229,154584,3457795,6850,10/10/2023 04:30:38 AM,10/10/2023 09:00:08 AM
2022/02/09,8279,493,0.060,7757,29,3627508,155077,3465552,6879,10/10/2023 04:30:38 AM,10/10/2023 09:00:08 AM
2022/02/10,7891,410,0.052,7452,29,3635399,155487,3473004,6908,10/10/2023 04:30:38 AM,10/10/2023 09:00:08 AM
2022/02/11,7270,354,0.049,6892,24,3642669,155841,3479896,6932,10/10/2023 04:30:38 AM,10/10/2023 09:00:08 AM
2022/02/12,2566,182,0.071,2375,9,3645235,156023,3482271,6941,10/10/2023 04:30:38 AM,10/10/2023 09:00:08 AM
2022/02/13,2435,159,0.065,2270,6,3647670,156182,3484541,6947,10/10/2023 04:30:38 AM,10/10/2023 09:00:08 AM
2022/02/14,8040,391,0.049,7618,31,3655710,156573,3492159,6978,10/10/2023 04:30:38 AM,10/10/2023 09:00:08 AM
2022/02/15,7418,278,0.038,7125,15,3663128,156851,3499284,6993,10/10/2023 04:30:38 AM,10/10/2023 09:00:08 AM
2022/02/16,7923,272,0.034,7634,17,3671051,157123,3506918,7010,10/10/2023 04:30:38 AM,10/10/2023 09:00:08 AM
2022/02/17,7876,271,0.034,7588,17,3678927,157394,3514506,7027,10/10/2023 04:30:38 AM,10/10/2023 09:00:08 AM
2022/02/18,6429,241,0.038,6172,16,3685356,157635,3520678,7043,10/10/2023 04:30:38 AM,10/10/2023 09:00:08 AM
2022/02/19,2308,127,0.055,2175,6,3687664,157762,3522853,7049,10/10/2023 04:30:38 AM,10/10/2023 09:00:08 AM
2022/02/20,1650,100,0.061,1546,4,3689314,157862,3524399,7053,10/10/2023 04:30:38 AM,10/10/2023 09:00:08 AM
2022/02/21,4191,195,0.047,3986,10,3693505,158057,3528385,7063,10/10/2023 04:30:38 AM,10/10/2023 09:00:08 AM
2022/02/22,7318,257,0.035,7051,10,3700823,158314,3535436,7073,10/10/2023 04:30:38 AM,10/10/2023 09:00:08 AM
2022/02/23,6733,174,0.026,6540,19,3707556,158488,3541976,7092,10/10/2023 04:30:38 AM,10/10/2023 09:00:08 AM
2022/02/24,6310,184,0.029,6113,13,3713866,158672,3548089,7105,10/10/2023 04:30:38 AM,10/10/2023 09:00:08 AM
2022/02/25,5840,171,0.029,5665,4,3719706,158843,3553754,7109,10/10/2023 04:30:38 AM,10/10/2023 09:00:08 AM
2022/02/26,2015,107,0.053,1903,5,3721721,158950,3555657,7114,10/10/2023 04:30:38 AM,10/10/2023 09:00:08 AM
2022/02/27,2094,82,0.039,2006,6,3723815,159032,3557663,7120,10/10/2023 04:30:38 AM,10/10/2023 09:00:08 AM
2022/02/28,7116,176,0.025,6932,8,3730931,159208,3564595,7128,10/10/2023 04:30:38 AM,10/10/2023 09:00:08 AM
2022/03/01,6500,174,0.027,6320,6,3737431,159382,3570915,7134,10/10/2023 04:30:38 AM,10/10/2023 09:00:08 AM
2022/03/02,6957,154,0.022,6796,7,3744388,159536,3577711,7141,10/10/2023 04:30:38 AM,10/10/2023 09:00:08 AM
2022/03/03,6461,145,0.022,6309,7,3750849,159681,3584020,7148,10/10/2023 04:30:38 AM,10/10/2023 09:00:08 AM
2022/03/04,5205,118,0.023,5083,4,3756054,159799,3589103,7152,10/10/2023 04:30:38 AM,10/10/2023 09:00:08 AM
2022/03/05,1792,76,0.042,1713,3,3757846,159875,3590816,7155,10/10/2023 04:30:38 AM,10/10/2023 09:00:08 AM
2022/03/06,1964,76,0.039,1887,1,3759810,159951,3592703,7156,10/10/2023 04:30:38 AM,10/10/2023 09:00:08 AM
2022/03/07,6379,159,0.025,6212,8,3766189,160110,3598915,7164,10/10/2023 04:30:38 AM,10/10/2023 09:00:08 AM
2022/03/08,5942,140,0.024,5795,7,3772131,160250,3604710,7171,10/10/2023 04:30:38 AM,10/10/2023 09:00:08 AM
2022/03/09,6406,125,0.020,6275,6,3778537,160375,3610985,7177,10/10/2023 04:30:38 AM,10/10/2023 09:00:08 AM
2022/03/10,5631,126,0.022,5497,8,3784168,160501,3616482,7185,10/10/2023 04:30:38 AM,10/10/2023 09:00:08 AM
2022/03/11,5030,113,0.022,4912,5,3789198,160614,3621394,7190,10/10/2023 04:30:38 AM,10/10/2023 09:00:08 AM
2022/03/12,1887,80,0.042,1804,3,3791085,160694,3623198,7193,10/10/2023 04:30:38 AM,10/10/2023 09:00:08 AM
2022/03/13,1760,62,0.035,1696,2,3792845,160756,3624894,7195,10/10/2023 04:30:38 AM,10/10/2023 09:00:08 AM
2022/03/14,5653,138,0.024,5513,2,3798498,160894,3630407,7197,10/10/2023 04:30:38 AM,10/10/2023 09:00:08 AM
2022/03/15,5980,144,0.024,5832,4,3804478,161038,3636239,7201,10/10/2023 04:30:38 AM,10/10/2023 09:00:08 AM
2022/03/16,6234,163,0.026,6063,8,3810712,161201,3642302,7209,10/10/2023 04:30:38 AM,10/10/2023 09:00:08 AM
2022/03/17,5330,120,0.023,5205,5,3816042,161321,3647507,7214,10/10/2023 04:30:38 AM,10/10/2023 09:00:08 AM
2022/03/18,4741,109,0.023,4624,8,3820783,161430,3652131,7222,10/10/2023 04:30:38 AM,10/10/2023 09:00:08 AM
2022/03/19,1732,83,0.048,1647,2,3822515,161513,3653778,7224,10/10/2023 04:30:38 AM,10/10/2023 09:00:08 AM
2022/03/20,1782,58,0.033,1724,0,3824297,161571,3655502,7224,10/10/2023 04:30:38 AM,10/10/2023 09:00:08 AM
2022/03/21,5608,155,0.028,5449,4,3829905,161726,3660951,7228,10/10/2023 04:30:38 AM,10/10/2023 09:00:08 AM
2022/03/22,5645,199,0.035,5435,11,3835550,161925,3666386,7239,10/10/2023 04:30:38 AM,10/10/2023 09:00:08 AM
2022/03/23,6205,167,0.027,6033,5,3841755,162092,3672419,7244,10/10/2023 04:30:38 AM,10/10/2023 09:00:08 AM
2022/03/24,5214,151,0.029,5058,5,3846969,162243,3677477,7249,10/10/2023 04:30:38 AM,10/10/2023 09:00:08 AM
2022/03/25,4951,134,0.027,4812,5,3851920,162377,3682289,7254,10/10/2023 04:30:38 AM,10/10/2023 09:00:08 AM
2022/03/26,1738,82,0.047,1656,0,3853658,162459,3683945,7254,10/10/2023 04:30:38 AM,10/10/2023 09:00:08 AM
2022/03/27,1960,86,0.044,1869,5,3855618,162545,3685814,7259,10/10/2023 04:30:38 AM,10/10/2023 09:00:08 AM
2022/03/28,5420,203,0.037,5212,5,3861038,162748,3691026,7264,10/10/2023 04:30:38 AM,10/10/2023 09:00:08 AM
2022/03/29,4666,179,0.038,4484,3,3865704,162927,3695510,7267,10/10/2023 04:30:38 AM,10/10/2023 09:00:08 AM
2022/03/30,5132,199,0.039,4919,14,3870836,163126,3700429,7281,10/10/2023 04:30:38 AM,10/10/2023 09:00:08 AM
2022/03/31,4249,158,0.037,4082,9,3875085,163284,3704511,7290,10/10/2023 04:30:38 AM,10/10/2023 09:00:08 AM
2022/04/01,3702,183,0.049,3516,3,3878787,163467,3708027,7293,10/10/2023 04:30:38 AM,10/10/2023 09:00:08 AM
2022/04/02,1760,95,0.054,1663,2,3880547,163562,3709690,7295,10/10/2023 04:30:38 AM,10/10/2023 09:00:08 AM
2022/04/03,1728,78,0.045,1649,1,3882275,163640,3711339,7296,10/10/2023 04:30:38 AM,10/10/2023 09:00:08 AM
2022/04/04,5606,267,0.048,5332,7,3887881,163907,3716671,7303,10/10/2023 04:30:38 AM,10/10/2023 09:00:08 AM
2022/04/05,4728,209,0.044,4513,6,3892609,164116,3721184,7309,10/10/2023 04:30:38 AM,10/10/2023 09:00:08 AM
2022/04/06,5492,239,0.044,5247,6,3898101,164355,3726431,7315,10/10/2023 04:30:38 AM,10/10/2023 09:00:08 AM
2022/04/07,4705,188,0.040,4513,4,3902806,164543,3730944,7319,10/10/2023 04:30:38 AM,10/10/2023 09:00:08 AM
2022/04/08,4592,211,0.046,4377,4,3907398,164754,3735321,7323,10/10/2023 04:30:38 AM,10/10/2023 09:00:08 AM
2022/04/09,1678,97,0.058,1580,1,3909076,164851,3736901,7324,10/10/2023 04:30:38 AM,10/10/2023 09:00:08 AM
2022/04/10,1560,105,0.067,1454,1,3910636,164956,3738355,7325,10/10/2023 04:30:38 AM,10/10/2023 09:00:08 AM
2022/04/11,5348,263,0.049,5071,14,3915984,165219,3743426,7339,10/10/2023 04:30:38 AM,10/10/2023 09:00:08 AM
2022/04/12,5028,263,0.052,4758,7,3921012,165482,3748184,7346,10/10/2023 04:30:38 AM,10/10/2023 09:00:08 AM
2022/04/13,5362,264,0.049,5087,11,3926374,165746,3753271,7357,10/10/2023 04:30:38 AM,10/10/2023 09:00:08 AM
2022/04/14,5075,250,0.049,4815,10,3931449,165996,3758086,7367,10/10/2023 04:30:38 AM,10/10/2023 09:00:08 AM
2022/04/15,4653,244,0.053,4403,6,3936102,166240,3762489,7373,10/10/2023 04:30:38 AM,10/10/2023 09:00:08 AM
2022/04/16,1856,165,0.089,1687,4,3937958,166405,3764176,7377,10/10/2023 04:30:38 AM,10/10/2023 09:00:08 AM
2022/04/17,1398,111,0.080,1285,2,3939356,166516,3765461,7379,10/10/2023 04:30:38 AM,10/10/2023 09:00:08 AM
2022/04/18,5502,354,0.064,5141,7,3944858,166870,3770602,7386,10/10/2023 04:30:38 AM,10/10/2023 09:00:08 AM
2022/04/19,5460,376,0.069,5075,9,3950318,167246,3775677,7395,10/10/2023 04:30:38 AM,10/10/2023 09:00:08 AM
2022/04/20,5573,376,0.068,5192,5,3955891,167622,3780869,7400,10/10/2023 04:30:38 AM,10/10/2023 09:00:08 AM
2022/04/21,4995,381,0.076,4604,10,3960886,168003,3785473,7410,10/10/2023 04:30:38 AM,10/10/2023 09:00:08 AM
2022/04/22,4716,292,0.062,4417,7,3965602,168295,3789890,7417,10/10/2023 04:30:38 AM,10/10/2023 09:00:08 AM
2022/04/23,1890,186,0.099,1699,5,3967492,168481,3791589,7422,10/10/2023 04:30:38 AM,10/10/2023 09:00:08 AM
2022/04/24,1831,149,0.082,1678,4,3969323,168630,3793267,7426,10/10/2023 04:30:38 AM,10/10/2023 09:00:08 AM
2022/04/25,6220,524,0.084,5686,10,3975543,169154,3798953,7436,10/10/2023 04:30:38 AM,10/10/2023 09:00:08 AM
2022/04/26,5794,408,0.071,5374,12,3981337,169562,3804327,7448,10/10/2023 04:30:38 AM,10/10/2023 09:00:08 AM
2022/04/27,6558,516,0.079,6030,12,3987895,170078,3810357,7460,10/10/2023 04:30:38 AM,10/10/2023 09:00:08 AM
2022/04/28,5650,451,0.080,5191,8,3993545,170529,3815548,7468,10/10/2023 04:30:38 AM,10/10/2023 09:00:08 AM
2022/04/29,5169,374,0.072,4785,10,3998714,170903,3820333,7478,10/10/2023 04:30:38 AM,10/10/2023 09:00:08 AM
2022/04/30,2135,256,0.120,1875,4,4000849,171159,3822208,7482,10/10/2023 04:30:38 AM,10/10/2023 09:00:08 AM
2022/05/01,2061,209,0.102,1850,2,4002910,171368,3824058,7484,10/10/2023 04:30:38 AM,10/10/2023 09:00:08 AM
2022/05/02,6454,565,0.088,5863,26,4009364,171933,3829921,7510,10/10/2023 04:30:38 AM,10/10/2023 09:00:08 AM
2022/05/03,6170,562,0.091,5597,11,4015534,172495,3835518,7521,10/10/2023 04:30:38 AM,10/10/2023 09:00:08 AM
2022/05/04,6804,623,0.092,6166,15,4022338,173118,3841684,7536,10/10/2023 04:30:38 AM,10/10/2023 09:00:08 AM
2022/05/05,5926,542,0.092,5372,12,4028264,173660,3847056,7548,10/10/2023 04:30:38 AM,10/10/2023 09:00:08 AM
2022/05/06,5790,509,0.088,5254,27,4034054,174169,3852310,7575,10/10/2023 04:30:38 AM,10/10/2023 09:00:08 AM
2022/05/07,2170,310,0.144,1849,11,4036224,174479,3854159,7586,10/10/2023 04:30:38 AM,10/10/2023 09:00:08 AM
2022/05/08,2171,272,0.125,1897,2,4038395,174751,3856056,7588,10/10/2023 04:30:38 AM,10/10/2023 09:00:08 AM
2022/05/09,6892,771,0.112,6088,33,4045287,175522,3862144,7621,10/10/2023 04:30:38 AM,10/10/2023 09:00:08 AM
2022/05/10,6659,698,0.105,5942,19,4051946,176220,3868086,7640,10/10/2023 04:30:38 AM,10/10/2023 09:00:08 AM
2022/05/11,7392,711,0.097,6650,31,4059338,176931,3874736,7671,10/10/2023 04:30:38 AM,10/10/2023 09:00:08 AM
2022/05/12,6426,672,0.105,5724,30,4065764,177603,3880460,7701,10/10/2023 04:30:38 AM,10/10/2023 09:00:08 AM
2022/05/13,4586,469,0.102,4108,9,4070350,178072,3884568,7710,10/10/2023 04:30:38 AM,10/10/2023 09:00:08 AM
2022/05/14,2558,381,0.150,2161,16,4072908,178453,3886729,7726,10/10/2023 04:30:38 AM,10/10/2023 09:00:08 AM
2022/05/15,2157,276,0.128,1876,5,4075065,178729,3888605,7731,10/10/2023 04:30:38 AM,10/10/2023 09:00:08 AM
2022/05/16,7316,864,0.118,6430,22,4082381,179593,3895035,7753,10/10/2023 04:30:38 AM,10/10/2023 09:00:08 AM
2022/05/17,6862,839,0.123,5980,43,4089243,180432,3901015,7796,10/10/2023 04:30:38 AM,10/10/2023 09:00:08 AM
2022/05/18,7580,744,0.099,6789,47,4096823,181176,3907804,7843,10/10/2023 04:30:38 AM,10/10/2023 09:00:08 AM
2022/05/19,6609,734,0.112,5829,46,4103432,181910,3913633,7889,10/10/2023 04:30:38 AM,10/10/2023 09:00:08 AM
2022/05/20,6148,669,0.110,5429,50,4109580,182579,3919062,7939,10/10/2023 04:30:38 AM,10/10/2023 09:00:08 AM
2022/05/21,2519,378,0.151,2128,13,4112099,182957,3921190,7952,10/10/2023 04:30:38 AM,10/10/2023 09:00:08 AM
2022/05/22,2362,307,0.130,2048,7,4114461,183264,3923238,7959,10/10/2023 04:30:38 AM,10/10/2023 09:00:08 AM
2022/05/23,7335,843,0.115,6467,25,4121796,184107,3929705,7984,10/10/2023 04:30:38 AM,10/10/2023 09:00:08 AM
2022/05/24,6518,715,0.111,5754,49,4128314,184822,3935459,8033,10/10/2023 04:30:38 AM,10/10/2023 09:00:08 AM
2022/05/25,6689,730,0.110,5917,42,4135003,185552,3941376,8075,10/10/2023 04:30:38 AM,10/10/2023 09:00:08 AM
2022/05/26,6045,656,0.109,5338,51,4141048,186208,3946714,8126,10/10/2023 04:30:38 AM,10/10/2023 09:00:08 AM
2022/05/27,5411,636,0.118,4748,27,4146459,186844,3951462,8153,10/10/2023 04:30:38 AM,10/10/2023 09:00:08 AM
2022/05/28,2281,393,0.173,1885,3,4148740,187237,3953347,8156,10/10/2023 04:30:38 AM,10/10/2023 09:00:08 AM
2022/05/29,1861,309,0.166,1547,5,4150601,187546,3954894,8161,10/10/2023 04:30:38 AM,10/10/2023 09:00:08 AM
2022/05/30,2935,511,0.174,2419,5,4153536,188057,3957313,8166,10/10/2023 04:30:38 AM,10/10/2023 09:00:08 AM
2022/05/31,7472,895,0.120,6559,18,4161008,188952,3963872,8184,10/10/2023 04:30:38 AM,10/10/2023 09:00:08 AM
2022/06/01,6926,765,0.111,6139,22,4167934,189717,3970011,8206,10/10/2023 04:30:38 AM,10/10/2023 09:00:08 AM
2022/06/02,5628,719,0.128,4888,21,4173562,190436,3974899,8227,10/10/2023 04:30:38 AM,10/10/2023 09:00:08 AM
2022/06/03,5133,584,0.114,4527,22,4178695,191020,3979426,8249,10/10/2023 04:30:38 AM,10/10/2023 09:00:08 AM
2022/06/04,2539,375,0.148,2157,7,4181234,191395,3981583,8256,10/10/2023 04:30:38 AM,10/10/2023 09:00:08 AM
2022/06/05,2002,298,0.149,1699,5,4183236,191693,3983282,8261,10/10/2023 04:30:38 AM,10/10/2023 09:00:08 AM
2022/06/06,5921,700,0.120,5143,78,4189157,192393,3988425,8339,10/10/2023 04:30:38 AM,10/10/2023 09:00:08 AM
2022/06/07,5293,689,0.131,4589,15,4194450,193082,3993014,8354,10/10/2023 04:30:38 AM,10/10/2023 09:00:08 AM
2022/06/08,5478,661,0.121,4798,19,4199928,193743,3997812,8373,10/10/2023 04:30:38 AM,10/10/2023 09:00:08 AM
2022/06/09,4673,620,0.133,4038,15,4204601,194363,4001850,8388,10/10/2023 04:30:38 AM,10/10/2023 09:00:08 AM
2022/06/10,4585,533,0.117,4033,19,4209186,194896,4005883,8407,10/10/2023 04:30:38 AM,10/10/2023 09:00:08 AM
2022/06/11,2135,336,0.158,1790,9,4211321,195232,4007673,8416,10/10/2023 04:30:38 AM,10/10/2023 09:00:08 AM
2022/06/12,1660,276,0.167,1377,7,4212981,195508,4009050,8423,10/10/2023 04:30:38 AM,10/10/2023 09:00:08 AM
2022/06/13,5320,648,0.122,4652,20,4218301,196156,4013702,8443,10/10/2023 04:30:38 AM,10/10/2023 09:00:08 AM
2022/06/14,5075,658,0.130,4394,23,4223376,196814,4018096,8466,10/10/2023 04:30:38 AM,10/10/2023 09:00:08 AM
2022/06/15,5009,621,0.124,4373,15,4228385,197435,4022469,8481,10/10/2023 04:30:38 AM,10/10/2023 09:00:08 AM
2022/06/16,4640,549,0.119,4057,34,4233025,197984,4026526,8515,10/10/2023 04:30:38 AM,10/10/2023 09:00:08 AM
2022/06/17,4153,595,0.144,3550,8,4237178,198579,4030076,8523,10/10/2023 04:30:38 AM,10/10/2023 09:00:08 AM
2022/06/18,2166,360,0.167,1794,12,4239344,198939,4031870,8535,10/10/2023 04:30:38 AM,10/10/2023 09:00:08 AM
2022/06/19,1632,287,0.177,1335,10,4240976,199226,4033205,8545,10/10/2023 04:30:38 AM,10/10/2023 09:00:08 AM
2022/06/20,3724,657,0.177,3054,13,4244700,199883,4036259,8558,10/10/2023 04:30:38 AM,10/10/2023 09:00:08 AM
2022/06/21,5474,770,0.141,4690,14,4250174,200653,4040949,8572,10/10/2023 04:30:38 AM,10/10/2023 09:00:08 AM
2022/06/22,4743,632,0.134,4096,15,4254917,201285,4045045,8587,10/10/2023 04:30:38 AM,10/10/2023 09:00:08 AM
2022/06/23,4536,628,0.139,3889,19,4259453,201913,4048934,8606,10/10/2023 04:30:38 AM,10/10/2023 09:00:08 AM
2022/06/24,3907,587,0.151,3301,19,4263360,202500,4052235,8625,10/10/2023 04:30:38 AM,10/10/2023 09:00:08 AM
2022/06/25,1977,367,0.186,1604,6,4265337,202867,4053839,8631,10/10/2023 04:30:38 AM,10/10/2023 09:00:08 AM
2022/06/26,1485,298,0.201,1184,3,4266822,203165,4055023,8634,10/10/2023 04:30:38 AM,10/10/2023 09:00:08 AM
2022/06/27,5163,780,0.152,4360,23,4271985,203945,4059383,8657,10/10/2023 04:30:38 AM,10/10/2023 09:00:08 AM
2022/06/28,4699,754,0.161,3916,29,4276684,204699,4063299,8686,10/10/2023 04:30:38 AM,10/10/2023 09:00:08 AM
2022/06/29,4731,647,0.137,4071,13,4281415,205346,4067370,8699,10/10/2023 04:30:38 AM,10/10/2023 09:00:08 AM
2022/06/30,4379,694,0.159,3675,10,4285794,206040,4071045,8709,10/10/2023 04:30:38 AM,10/10/2023 09:00:08 AM
2022/07/01,3630,524,0.145,3079,27,4289424,206564,4074124,8736,10/10/2023 04:30:38 AM,10/10/2023 09:00:08 AM
2022/07/02,1980,324,0.165,1644,12,4291404,206888,4075768,8748,10/10/2023 04:30:38 AM,10/10/2023 09:00:08 AM
2022/07/03,1419,247,0.174,1171,1,4292823,207135,4076939,8749,10/10/2023 04:30:38 AM,10/10/2023 09:00:08 AM
2022/07/04,1886,393,0.209,1489,4,4294709,207528,4078428,8753,10/10/2023 04:30:38 AM,10/10/2023 09:00:08 AM
2022/07/05,5005,837,0.168,4151,17,4299714,208365,4082579,8770,10/10/2023 04:30:38 AM,10/10/2023 09:00:08 AM
2022/07/06,4684,648,0.139,4021,15,4304398,209013,4086600,8785,10/10/2023 04:30:38 AM,10/10/2023 09:00:08 AM
2022/07/07,4224,590,0.140,3616,18,4308622,209603,4090216,8803,10/10/2023 04:30:38 AM,10/10/2023 09:00:08 AM
2022/07/08,3813,529,0.139,3269,15,4312435,210132,4093485,8818,10/10/2023 04:30:38 AM,10/10/2023 09:00:08 AM
2022/07/09,1939,333,0.172,1600,6,4314374,210465,4095085,8824,10/10/2023 04:30:38 AM,10/10/2023 09:00:08 AM
2022/07/10,1509,234,0.156,1270,5,4315883,210699,4096355,8829,10/10/2023 04:30:38 AM,10/10/2023 09:00:08 AM
2022/07/11,4712,700,0.149,4000,12,4320595,211399,4100355,8841,10/10/2023 04:30:38 AM,10/10/2023 09:00:08 AM
2022/07/12,4056,522,0.130,3506,28,4324651,211921,4103861,8869,10/10/2023 04:30:38 AM,10/10/2023 09:00:08 AM
2022/07/13,4185,525,0.126,3646,14,4328836,212446,4107507,8883,10/10/2023 04:30:38 AM,10/10/2023 09:00:08 AM
2022/07/14,3974,562,0.142,3401,11,4332810,213008,4110908,8894,10/10/2023 04:30:38 AM,10/10/2023 09:00:08 AM
2022/07/15,3612,481,0.134,3120,11,4336422,213489,4114028,8905,10/10/2023 04:30:38 AM,10/10/2023 09:00:08 AM
2022/07/16,1804,262,0.146,1535,7,4338226,213751,4115563,8912,10/10/2023 04:30:38 AM,10/10/2023 09:00:08 AM
2022/07/17,1497,206,0.138,1290,1,4339723,213957,4116853,8913,10/10/2023 04:30:38 AM,10/10/2023 09:00:08 AM
2022/07/18,4519,621,0.138,3881,17,4344242,214578,4120734,8930,10/10/2023 04:30:38 AM,10/10/2023 09:00:08 AM
2022/07/19,4069,517,0.128,3534,18,4348311,215095,4124268,8948,10/10/2023 04:30:38 AM,10/10/2023 09:00:08 AM
2022/07/20,4043,506,0.126,3518,19,4352354,215601,4127786,8967,10/10/2023 04:30:38 AM,10/10/2023 09:00:08 AM
2022/07/21,3618,467,0.130,3134,17,4355972,216068,4130920,8984,10/10/2023 04:30:38 AM,10/10/2023 09:00:08 AM
2022/07/22,3475,452,0.131,3006,17,4359447,216520,4133926,9001,10/10/2023 04:30:38 AM,10/10/2023 09:00:08 AM
2022/07/23,1636,218,0.134,1413,5,4361083,216738,4135339,9006,10/10/2023 04:30:38 AM,10/10/2023 09:00:08 AM
2022/07/24,1384,199,0.144,1183,2,4362467,216937,4136522,9008,10/10/2023 04:30:38 AM,10/10/2023 09:00:08 AM
2022/07/25,4239,590,0.139,3640,9,4366706,217527,4140162,9017,10/10/2023 04:30:38 AM,10/10/2023 09:00:08 AM
2022/07/26,3813,442,0.116,3358,13,4370519,217969,4143520,9030,10/10/2023 04:30:38 AM,10/10/2023 09:00:08 AM
2022/07/27,3645,368,0.101,3264,13,4374164,218337,4146784,9043,10/10/2023 04:30:38 AM,10/10/2023 09:00:08 AM
2022/07/28,3248,366,0.113,2875,7,4377412,218703,4149659,9050,10/10/2023 04:30:38 AM,10/10/2023 09:00:08 AM
2022/07/29,3197,352,0.110,2834,11,4380609,219055,4152493,9061,10/10/2023 04:30:38 AM,10/10/2023 09:00:08 AM
2022/07/30,1584,225,0.142,1355,4,4382193,219280,4153848,9065,10/10/2023 04:30:38 AM,10/10/2023 09:00:08 AM
2022/07/31,1249,172,0.138,1074,3,4383442,219452,4154922,9068,10/10/2023 04:30:38 AM,10/10/2023 09:00:08 AM
2022/08/01,3931,502,0.128,3423,6,4387373,219954,4158345,9074,10/10/2023 04:30:38 AM,10/10/2023 09:00:08 AM
2022/08/02,3390,331,0.098,3047,12,4390763,220285,4161392,9086,10/10/2023 04:30:38 AM,10/10/2023 09:00:08 AM
2022/08/03,3302,325,0.099,2965,12,4394065,220610,4164357,9098,10/10/2023 04:30:38 AM,10/10/2023 09:00:08 AM
2022/08/04,3027,257,0.085,2762,8,4397092,220867,4167119,9106,10/10/2023 04:30:38 AM,10/10/2023 09:00:08 AM
2022/08/05,2961,289,0.098,2660,12,4400053,221156,4169779,9118,10/10/2023 04:30:38 AM,10/10/2023 09:00:08 AM
2022/08/06,1456,171,0.118,1280,5,4401509,221327,4171059,9123,10/10/2023 04:30:38 AM,10/10/2023 09:00:08 AM
2022/08/07,1131,145,0.128,985,1,4402640,221472,4172044,9124,10/10/2023 04:30:38 AM,10/10/2023 09:00:08 AM
2022/08/08,3939,371,0.095,3552,16,4406579,221843,4175596,9140,10/10/2023 04:30:38 AM,10/10/2023 09:00:08 AM
2022/08/09,3205,275,0.086,2922,8,4409784,222118,4178518,9148,10/10/2023 04:30:38 AM,10/10/2023 09:00:08 AM
2022/08/10,3222,320,0.099,2897,5,4413006,222438,4181415,9153,10/10/2023 04:30:38 AM,10/10/2023 09:00:08 AM
2022/08/11,2931,229,0.078,2694,8,4415937,222667,4184109,9161,10/10/2023 04:30:38 AM,10/10/2023 09:00:08 AM
2022/08/12,2786,236,0.085,2546,4,4418723,222903,4186655,9165,10/10/2023 04:30:38 AM,10/10/2023 09:00:08 AM
2022/08/13,1277,144,0.113,1131,2,4420000,223047,4187786,9167,10/10/2023 04:30:38 AM,10/10/2023 09:00:08 AM
2022/08/14,1013,116,0.115,893,4,4421013,223163,4188679,9171,10/10/2023 04:30:38 AM,10/10/2023 09:00:08 AM
2022/08/15,3673,302,0.083,3354,17,4424686,223465,4192033,9188,10/10/2023 04:30:38 AM,10/10/2023 09:00:08 AM
2022/08/16,3240,231,0.072,2993,16,4427926,223696,4195026,9204,10/10/2023 04:30:38 AM,10/10/2023 09:00:08 AM
2022/08/17,3161,222,0.070,2933,6,4431087,223918,4197959,9210,10/10/2023 04:30:38 AM,10/10/2023 09:00:08 AM
2022/08/18,2717,204,0.075,2512,1,4433804,224122,4200471,9211,10/10/2023 04:30:38 AM,10/10/2023 09:00:08 AM
2022/08/19,2943,213,0.073,2723,7,4436747,224335,4203194,9218,10/10/2023 04:30:38 AM,10/10/2023 09:00:08 AM
2022/08/20,1313,155,0.119,1153,5,4438060,224490,4204347,9223,10/10/2023 04:30:38 AM,10/10/2023 09:00:08 AM
2022/08/21,944,122,0.130,817,5,4439004,224612,4205164,9228,10/10/2023 04:30:38 AM,10/10/2023 09:00:08 AM
2022/08/22,3386,268,0.079,3106,12,4442390,224880,4208270,9240,10/10/2023 04:30:38 AM,10/10/2023 09:00:08 AM
2022/08/23,3117,209,0.067,2902,6,4445507,225089,4211172,9246,10/10/2023 04:30:38 AM,10/10/2023 09:00:08 AM
2022/08/24,3065,206,0.067,2856,3,4448572,225295,4214028,9249,10/10/2023 04:30:38 AM,10/10/2023 09:00:08 AM
2022/08/25,2828,196,0.069,2629,3,4451400,225491,4216657,9252,10/10/2023 04:30:38 AM,10/10/2023 09:00:08 AM
2022/08/26,3310,188,0.057,3116,6,4454710,225679,4219773,9258,10/10/2023 04:30:38 AM,10/10/2023 09:00:08 AM
2022/08/27,1206,102,0.085,1101,3,4455916,225781,4220874,9261,10/10/2023 04:30:38 AM,10/10/2023 09:00:08 AM
2022/08/28,982,74,0.076,906,2,4456898,225855,4221780,9263,10/10/2023 04:30:38 AM,10/10/2023 09:00:08 AM
2022/08/29,3509,224,0.064,3275,10,4460407,226079,4225055,9273,10/10/2023 04:30:38 AM,10/10/2023 09:00:08 AM
2022/08/30,2996,151,0.051,2839,6,4463403,226230,4227894,9279,10/10/2023 04:30:38 AM,10/10/2023 09:00:08 AM
2022/08/31,3000,203,0.068,2792,5,4466403,226433,4230686,9284,10/10/2023 04:30:38 AM,10/10/2023 09:00:08 AM
2022/09/01,2564,138,0.054,2416,10,4468967,226571,4233102,9294,10/10/2023 04:30:38 AM,10/10/2023 09:00:08 AM
2022/09/02,3029,183,0.060,2842,4,4471996,226754,4235944,9298,10/10/2023 04:30:38 AM,10/10/2023 09:00:08 AM
2022/09/03,1194,74,0.062,1119,1,4473190,226828,4237063,9299,10/10/2023 04:30:38 AM,10/10/2023 09:00:08 AM
2022/09/04,897,54,0.060,842,1,4474087,226882,4237905,9300,10/10/2023 04:30:38 AM,10/10/2023 09:00:08 AM
2022/09/05,1305,102,0.078,1203,0,4475392,226984,4239108,9300,10/10/2023 04:30:38 AM,10/10/2023 09:00:08 AM
2022/09/06,3182,210,0.066,2969,3,4478574,227194,4242077,9303,10/10/2023 04:30:38 AM,10/10/2023 09:00:08 AM
2022/09/07,2715,176,0.065,2535,4,4481289,227370,4244612,9307,10/10/2023 04:30:38 AM,10/10/2023 09:00:08 AM
2022/09/08,2344,145,0.062,2197,2,4483633,227515,4246809,9309,10/10/2023 04:30:38 AM,10/10/2023 09:00:08 AM
2022/09/09,3081,153,0.050,2927,1,4486714,227668,4249736,9310,10/10/2023 04:30:38 AM,10/10/2023 09:00:08 AM
2022/09/10,1216,83,0.068,1131,2,4487930,227751,4250867,9312,10/10/2023 04:30:38 AM,10/10/2023 09:00:08 AM
2022/09/11,973,65,0.067,907,1,4488903,227816,4251774,9313,10/10/2023 04:30:38 AM,10/10/2023 09:00:08 AM
2022/09/12,3028,197,0.065,2826,5,4491931,228013,4254600,9318,10/10/2023 04:30:38 AM,10/10/2023 09:00:08 AM
2022/09/13,2575,162,0.063,2409,4,4494506,228175,4257009,9322,10/10/2023 04:30:38 AM,10/10/2023 09:00:08 AM
2022/09/14,2665,124,0.047,2537,4,4497171,228299,4259546,9326,10/10/2023 04:30:38 AM,10/10/2023 09:00:08 AM
2022/09/15,2556,126,0.049,2425,5,4499727,228425,4261971,9331,10/10/2023 04:30:38 AM,10/10/2023 09:00:08 AM
2022/09/16,3019,156,0.052,2859,4,4502746,228581,4264830,9335,10/10/2023 04:30:38 AM,10/10/2023 09:00:08 AM
2022/09/17,1128,71,0.063,1053,4,4503874,228652,4265883,9339,10/10/2023 04:30:38 AM,10/10/2023 09:00:08 AM
2022/09/18,894,60,0.067,832,2,4504768,228712,4266715,9341,10/10/2023 04:30:38 AM,10/10/2023 09:00:08 AM
2022/09/19,3045,182,0.060,2861,2,4507813,228894,4269576,9343,10/10/2023 04:30:38 AM,10/10/2023 09:00:08 AM
2022/09/20,2333,117,0.050,2213,3,4510146,229011,4271789,9346,10/10/2023 04:30:38 AM,10/10/2023 09:00:08 AM
2022/09/21,2557,126,0.049,2429,2,4512703,229137,4274218,9348,10/10/2023 04:30:38 AM,10/10/2023 09:00:08 AM
2022/09/22,2581,126,0.049,2451,4,4515284,229263,4276669,9352,10/10/2023 04:30:38 AM,10/10/2023 09:00:08 AM
2022/09/23,2921,121,0.041,2799,1,4518205,229384,4279468,9353,10/10/2023 04:30:38 AM,10/10/2023 09:00:08 AM
2022/09/24,1093,83,0.076,1009,1,4519298,229467,4280477,9354,10/10/2023 04:30:38 AM,10/10/2023 09:00:08 AM
2022/09/25,843,72,0.085,771,0,4520141,229539,4281248,9354,10/10/2023 04:30:38 AM,10/10/2023 09:00:08 AM
2022/09/26,2927,166,0.057,2761,0,4523068,229705,4284009,9354,10/10/2023 04:30:38 AM,10/10/2023 09:00:08 AM
2022/09/27,2469,122,0.049,2345,2,4525537,229827,4286354,9356,10/10/2023 04:30:38 AM,10/10/2023 09:00:08 AM
2022/09/28,2354,159,0.068,2192,3,4527891,229986,4288546,9359,10/10/2023 04:30:38 AM,10/10/2023 09:00:08 AM
2022/09/29,2428,138,0.057,2287,3,4530319,230124,4290833,9362,10/10/2023 04:30:38 AM,10/10/2023 09:00:08 AM
2022/09/30,2696,124,0.046,2568,4,4533015,230248,4293401,9366,10/10/2023 04:30:38 AM,10/10/2023 09:00:08 AM
2022/10/01,1055,67,0.064,984,4,4534070,230315,4294385,9370,10/10/2023 04:30:38 AM,10/10/2023 09:00:08 AM
2022/10/02,872,60,0.069,807,5,4534942,230375,4295192,9375,10/10/2023 04:30:38 AM,10/10/2023 09:00:08 AM
2022/10/03,2755,168,0.061,2582,5,4537697,230543,4297774,9380,10/10/2023 04:30:38 AM,10/10/2023 09:00:08 AM
2022/10/04,2276,151,0.066,2123,2,4539973,230694,4299897,9382,10/10/2023 04:30:38 AM,10/10/2023 09:00:08 AM
2022/10/05,2047,103,0.050,1940,4,4542020,230797,4301837,9386,10/10/2023 04:30:38 AM,10/10/2023 09:00:08 AM
2022/10/06,2328,114,0.049,2210,4,4544348,230911,4304047,9390,10/10/2023 04:30:38 AM,10/10/2023 09:00:08 AM
2022/10/07,2687,110,0.041,2573,4,4547035,231021,4306620,9394,10/10/2023 04:30:38 AM,10/10/2023 09:00:08 AM
2022/10/08,1018,71,0.070,946,1,4548053,231092,4307566,9395,10/10/2023 04:30:38 AM,10/10/2023 09:00:08 AM
2022/10/09,781,62,0.079,719,0,4548834,231154,4308285,9395,10/10/2023 04:30:38 AM,10/10/2023 09:00:08 AM
2022/10/10,2068,114,0.055,1951,3,4550902,231268,4310236,9398,10/10/2023 04:30:38 AM,10/10/2023 09:00:08 AM
2022/10/11,2246,134,0.060,2109,3,4553148,231402,4312345,9401,10/10/2023 04:30:38 AM,10/10/2023 09:00:08 AM
2022/10/12,2217,118,0.053,2098,1,4555365,231520,4314443,9402,10/10/2023 04:30:38 AM,10/10/2023 09:00:08 AM
2022/10/13,2170,114,0.053,2054,2,4557535,231634,4316497,9404,10/10/2023 04:30:38 AM,10/10/2023 09:00:08 AM
2022/10/14,2544,117,0.046,2423,4,4560079,231751,4318920,9408,10/10/2023 04:30:38 AM,10/10/2023 09:00:08 AM
2022/10/15,1029,63,0.061,966,0,4561108,231814,4319886,9408,10/10/2023 04:30:38 AM,10/10/2023 09:00:08 AM
2022/10/16,850,60,0.071,790,0,4561958,231874,4320676,9408,10/10/2023 04:30:38 AM,10/10/2023 09:00:08 AM
2022/10/17,2657,148,0.056,2503,6,4564615,232022,4323179,9414,10/10/2023 04:30:38 AM,10/10/2023 09:00:08 AM
2022/10/18,2163,102,0.047,2059,2,4566778,232124,4325238,9416,10/10/2023 04:30:38 AM,10/10/2023 09:00:08 AM
2022/10/19,2148,103,0.048,2044,1,4568926,232227,4327282,9417,10/10/2023 04:30:38 AM,10/10/2023 09:00:08 AM
2022/10/20,1894,82,0.043,1809,3,4570820,232309,4329091,9420,10/10/2023 04:30:38 AM,10/10/2023 09:00:08 AM
2022/10/21,2425,83,0.034,2335,7,4573245,232392,4331426,9427,10/10/2023 04:30:38 AM,10/10/2023 09:00:08 AM
2022/10/22,1056,48,0.046,1005,3,4574301,232440,4332431,9430,10/10/2023 04:30:38 AM,10/10/2023 09:00:08 AM
2022/10/23,812,43,0.053,767,2,4575113,232483,4333198,9432,10/10/2023 04:30:38 AM,10/10/2023 09:00:08 AM
2022/10/24,2523,126,0.050,2395,2,4577636,232609,4335593,9434,10/10/2023 04:30:38 AM,10/10/2023 09:00:08 AM
2022/10/25,2230,137,0.061,2091,2,4579866,232746,4337684,9436,10/10/2023 04:30:38 AM,10/10/2023 09:00:08 AM
2022/10/26,2274,112,0.049,2158,4,4582140,232858,4339842,9440,10/10/2023 04:30:38 AM,10/10/2023 09:00:08 AM
2022/10/27,2312,103,0.045,2208,1,4584452,232961,4342050,9441,10/10/2023 04:30:38 AM,10/10/2023 09:00:08 AM
2022/10/28,2713,109,0.040,2600,4,4587165,233070,4344650,9445,10/10/2023 04:30:38 AM,10/10/2023 09:00:08 AM
2022/10/29,1089,63,0.058,1024,2,4588254,233133,4345674,9447,10/10/2023 04:30:38 AM,10/10/2023 09:00:08 AM
2022/10/30,870,60,0.069,810,0,4589124,233193,4346484,9447,10/10/2023 04:30:38 AM,10/10/2023 09:00:08 AM
2022/10/31,2464,165,0.067,2298,1,4591588,233358,4348782,9448,10/10/2023 04:30:38 AM,10/10/2023 09:00:08 AM
2022/11/01,2052,123,0.060,1924,5,4593640,233481,4350706,9453,10/10/2023 04:30:38 AM,10/10/2023 09:00:08 AM
2022/11/02,2189,140,0.064,2049,0,4595829,233621,4352755,9453,10/10/2023 04:30:38 AM,10/10/2023 09:00:08 AM
2022/11/03,2224,130,0.059,2091,3,4598053,233751,4354846,9456,10/10/2023 04:30:38 AM,10/10/2023 09:00:08 AM
2022/11/04,2735,129,0.047,2604,2,4600788,233880,4357450,9458,10/10/2023 04:30:38 AM,10/10/2023 09:00:08 AM
2022/11/05,1045,60,0.057,984,1,4601833,233940,4358434,9459,10/10/2023 04:30:38 AM,10/10/2023 09:00:08 AM
2022/11/06,972,82,0.084,890,0,4602805,234022,4359324,9459,10/10/2023 04:30:38 AM,10/10/2023 09:00:08 AM
2022/11/07,2661,184,0.069,2473,4,4605466,234206,4361797,9463,10/10/2023 04:30:38 AM,10/10/2023 09:00:08 AM
2022/11/08,2060,124,0.060,1933,3,4607526,234330,4363730,9466,10/10/2023 04:30:38 AM,10/10/2023 09:00:08 AM
2022/11/09,2260,140,0.062,2116,4,4609786,234470,4365846,9470,10/10/2023 04:30:38 AM,10/10/2023 09:00:08 AM
2022/11/10,2227,141,0.063,2084,2,4612013,234611,4367930,9472,10/10/2023 04:30:38 AM,10/10/2023 09:00:08 AM
2022/11/11,1587,119,0.075,1467,1,4613600,234730,4369397,9473,10/10/2023 04:30:38 AM,10/10/2023 09:00:08 AM
2022/11/12,1162,88,0.076,1070,4,4614762,234818,4370467,9477,10/10/2023 04:30:38 AM,10/10/2023 09:00:08 AM
2022/11/13,897,85,0.095,809,3,4615659,234903,4371276,9480,10/10/2023 04:30:38 AM,10/10/2023 09:00:08 AM
2022/11/14,2735,153,0.056,2575,7,4618394,235056,4373851,9487,10/10/2023 04:30:38 AM,10/10/2023 09:00:08 AM
2022/11/15,2187,159,0.073,2021,7,4620581,235215,4375872,9494,10/10/2023 04:30:38 AM,10/10/2023 09:00:08 AM
2022/11/16,2262,168,0.074,2089,5,4622843,235383,4377961,9499,10/10/2023 04:30:38 AM,10/10/2023 09:00:08 AM
2022/11/17,2176,157,0.072,2015,4,4625019,235540,4379976,9503,10/10/2023 04:30:38 AM,10/10/2023 09:00:08 AM
2022/11/18,2843,141,0.050,2700,2,4627862,235681,4382676,9505,10/10/2023 04:30:38 AM,10/10/2023 09:00:08 AM
2022/11/19,1276,115,0.090,1158,3,4629138,235796,4383834,9508,10/10/2023 04:30:38 AM,10/10/2023 09:00:08 AM
2022/11/20,934,92,0.099,842,0,4630072,235888,4384676,9508,10/10/2023 04:30:38 AM,10/10/2023 09:00:08 AM
2022/11/21,2505,250,0.100,2250,5,4632577,236138,4386926,9513,10/10/2023 04:30:38 AM,10/10/2023 09:00:08 AM
2022/11/22,2337,218,0.093,2114,5,4634914,236356,4389040,9518,10/10/2023 04:30:38 AM,10/10/2023 09:00:08 AM
2022/11/23,2124,180,0.085,1942,2,4637038,236536,4390982,9520,10/10/2023 04:30:38 AM,10/10/2023 09:00:08 AM
2022/11/24,609,65,0.107,544,0,4637647,236601,4391526,9520,10/10/2023 04:30:38 AM,10/10/2023 09:00:08 AM
2022/11/25,1413,191,0.135,1219,3,4639060,236792,4392745,9523,10/10/2023 04:30:38 AM,10/10/2023 09:00:08 AM
2022/11/26,1233,134,0.109,1096,3,4640293,236926,4393841,9526,10/10/2023 04:30:38 AM,10/10/2023 09:00:08 AM
2022/11/27,1104,151,0.137,950,3,4641397,237077,4394791,9529,10/10/2023 04:30:38 AM,10/10/2023 09:00:08 AM
2022/11/28,3233,381,0.118,2848,4,4644630,237458,4397639,9533,10/10/2023 04:30:38 AM,10/10/2023 09:00:08 AM
2022/11/29,2430,317,0.131,2107,6,4647060,237775,4399746,9539,10/10/2023 04:30:38 AM,10/10/2023 09:00:08 AM
2022/11/30,2536,280,0.111,2251,5,4649596,238055,4401997,9544,10/10/2023 04:30:38 AM,10/10/2023 09:00:08 AM
2022/12/01,2155,257,0.119,1894,4,4651751,238312,4403891,9548,10/10/2023 04:30:38 AM,10/10/2023 09:00:08 AM
2022/12/02,2763,259,0.094,2497,7,4654514,238571,4406388,9555,10/10/2023 04:30:38 AM,10/10/2023 09:00:08 AM
2022/12/03,1137,130,0.115,1005,2,4655651,238701,4407393,9557,10/10/2023 04:30:38 AM,10/10/2023 09:00:08 AM
2022/12/04,930,125,0.134,805,0,4656581,238826,4408198,9557,10/10/2023 04:30:38 AM,10/10/2023 09:00:08 AM
2022/12/05,3030,380,0.126,2645,5,4659611,239206,4410843,9562,10/10/2023 04:30:38 AM,10/10/2023 09:00:08 AM
2022/12/06,2517,305,0.122,2204,8,4662128,239511,4413047,9570,10/10/2023 04:30:38 AM,10/10/2023 09:00:08 AM
2022/12/07,2560,299,0.117,2259,2,4664688,239810,4415306,9572,10/10/2023 04:30:38 AM,10/10/2023 09:00:08 AM
2022/12/08,2471,256,0.104,2207,8,4667159,240066,4417513,9580,10/10/2023 04:30:38 AM,10/10/2023 09:00:08 AM
2022/12/09,2793,270,0.097,2516,7,4669952,240336,4420029,9587,10/10/2023 04:30:38 AM,10/10/2023 09:00:08 AM
2022/12/10,1054,112,0.106,941,1,4671006,240448,4420970,9588,10/10/2023 04:30:38 AM,10/10/2023 09:00:08 AM
2022/12/11,1103,150,0.137,944,9,4672109,240598,4421914,9597,10/10/2023 04:30:38 AM,10/10/2023 09:00:08 AM
2022/12/12,3244,368,0.114,2867,9,4675353,240966,4424781,9606,10/10/2023 04:30:38 AM,10/10/2023 09:00:08 AM
2022/12/13,2457,280,0.114,2173,4,4677810,241246,4426954,9610,10/10/2023 04:30:38 AM,10/10/2023 09:00:08 AM
2022/12/14,2492,277,0.111,2211,4,4680302,241523,4429165,9614,10/10/2023 04:30:38 AM,10/10/2023 09:00:08 AM
2022/12/15,2451,209,0.085,2241,1,4682753,241732,4431406,9615,10/10/2023 04:30:38 AM,10/10/2023 09:00:08 AM
2022/12/16,2722,253,0.093,2463,6,4685475,241985,4433869,9621,10/10/2023 04:30:38 AM,10/10/2023 09:00:08 AM
2022/12/17,1108,122,0.110,986,0,4686583,242107,4434855,9621,10/10/2023 04:30:38 AM,10/10/2023 09:00:08 AM
2022/12/18,928,118,0.127,810,0,4687511,242225,4435665,9621,10/10/2023 04:30:38 AM,10/10/2023 09:00:08 AM
2022/12/19,2688,343,0.128,2340,5,4690199,242568,4438005,9626,10/10/2023 04:30:38 AM,10/10/2023 09:00:08 AM
2022/12/20,2171,227,0.105,1937,7,4692370,242795,4439942,9633,10/10/2023 04:30:38 AM,10/10/2023 09:00:08 AM
2022/12/21,2174,256,0.118,1915,3,4694544,243051,4441857,9636,10/10/2023 04:30:38 AM,10/10/2023 09:00:08 AM
2022/12/22,2189,201,0.092,1982,6,4696733,243252,4443839,9642,10/10/2023 04:30:38 AM,10/10/2023 09:00:08 AM
2022/12/23,1915,213,0.112,1696,6,4698648,243465,4445535,9648,10/10/2023 04:30:38 AM,10/10/2023 09:00:08 AM
2022/12/24,843,108,0.129,730,5,4699491,243573,4446265,9653,10/10/2023 04:30:38 AM,10/10/2023 09:00:08 AM
2022/12/25,404,46,0.114,358,0,4699895,243619,4446623,9653,10/10/2023 04:30:38 AM,10/10/2023 09:00:08 AM
2022/12/26,1462,214,0.146,1247,1,4701357,243833,4447870,9654,10/10/2023 04:30:38 AM,10/10/2023 09:00:08 AM
2022/12/27,2140,264,0.124,1871,5,4703497,244097,4449741,9659,10/10/2023 04:30:38 AM,10/10/2023 09:00:08 AM
2022/12/28,1711,188,0.110,1519,4,4705208,244285,4451260,9663,10/10/2023 04:30:38 AM,10/10/2023 09:00:08 AM
2022/12/29,1537,178,0.116,1358,1,4706745,244463,4452618,9664,10/10/2023 04:30:38 AM,10/10/2023 09:00:08 AM
2022/12/30,1422,194,0.137,1224,4,4708167,244657,4453842,9668,10/10/2023 04:30:38 AM,10/10/2023 09:00:08 AM
2022/12/31,763,80,0.105,683,0,4708930,244737,4454525,9668,10/10/2023 04:30:38 AM,10/10/2023 09:00:08 AM
2023/01/01,575,48,0.083,527,0,4709505,244785,4455052,9668,10/10/2023 04:30:38 AM,10/10/2023 09:00:08 AM
2023/01/02,1460,165,0.113,1293,2,4710965,244950,4456345,9670,10/10/2023 04:30:38 AM,10/10/2023 09:00:08 AM
2023/01/03,2636,250,0.095,2385,1,4713601,245200,4458730,9671,10/10/2023 04:30:38 AM,10/10/2023 09:00:08 AM
2023/01/04,1412,127,0.090,1285,0,4715013,245327,4460015,9671,10/10/2023 04:30:38 AM,10/10/2023 09:00:08 AM
2023/01/05,1612,122,0.076,1488,2,4716625,245449,4461503,9673,10/10/2023 04:30:38 AM,10/10/2023 09:00:08 AM
2023/01/06,2451,216,0.088,2232,3,4719076,245665,4463735,9676,10/10/2023 04:30:38 AM,10/10/2023 09:00:08 AM
2023/01/07,953,83,0.087,868,2,4720029,245748,4464603,9678,10/10/2023 04:30:38 AM,10/10/2023 09:00:08 AM
2023/01/08,786,71,0.091,713,2,4720815,245819,4465316,9680,10/10/2023 04:30:38 AM,10/10/2023 09:00:08 AM
2023/01/09,2377,173,0.073,2201,3,4723192,245992,4467517,9683,10/10/2023 04:30:38 AM,10/10/2023 09:00:08 AM
2023/01/10,1584,115,0.073,1467,2,4724776,246107,4468984,9685,10/10/2023 04:30:38 AM,10/10/2023 09:00:08 AM
2023/01/11,1707,115,0.067,1589,3,4726483,246222,4470573,9688,10/10/2023 04:30:38 AM,10/10/2023 09:00:08 AM
2023/01/12,1770,107,0.060,1662,1,4728253,246329,4472235,9689,10/10/2023 04:30:38 AM,10/10/2023 09:00:08 AM
2023/01/13,1838,95,0.052,1742,1,4730091,246424,4473977,9690,10/10/2023 04:30:38 AM,10/10/2023 09:00:08 AM
2023/01/14,744,47,0.063,697,0,4730835,246471,4474674,9690,10/10/2023 04:30:38 AM,10/10/2023 09:00:08 AM
2023/01/15,851,42,0.050,806,3,4731686,246513,4475480,9693,10/10/2023 04:30:38 AM,10/10/2023 09:00:08 AM
2023/01/16,1177,73,0.062,1104,0,4732863,246586,4476584,9693,10/10/2023 04:30:38 AM,10/10/2023 09:00:08 AM
2023/01/17,2046,113,0.055,1930,3,4734909,246699,4478514,9696,10/10/2023 04:30:38 AM,10/10/2023 09:00:08 AM
2023/01/18,1784,94,0.053,1690,0,4736693,246793,4480204,9696,10/10/2023 04:30:38 AM,10/10/2023 09:00:08 AM
2023/01/19,1646,79,0.048,1566,1,4738339,246872,4481770,9697,10/10/2023 04:30:38 AM,10/10/2023 09:00:08 AM
2023/01/20,1822,79,0.043,1743,0,4740161,246951,4483513,9697,10/10/2023 04:30:38 AM,10/10/2023 09:00:08 AM
2023/01/21,812,49,0.060,762,1,4740973,247000,4484275,9698,10/10/2023 04:30:38 AM,10/10/2023 09:00:08 AM
2023/01/22,670,49,0.073,620,1,4741643,247049,4484895,9699,10/10/2023 04:30:38 AM,10/10/2023 09:00:08 AM
2023/01/23,1865,105,0.056,1756,4,4743508,247154,4486651,9703,10/10/2023 04:30:38 AM,10/10/2023 09:00:08 AM
2023/01/24,1684,80,0.048,1601,3,4745192,247234,4488252,9706,10/10/2023 04:30:38 AM,10/10/2023 09:00:08 AM
2023/01/25,1682,89,0.053,1592,1,4746874,247323,4489844,9707,10/10/2023 04:30:38 AM,10/10/2023 09:00:08 AM
2023/01/26,1755,81,0.046,1674,0,4748629,247404,4491518,9707,10/10/2023 04:30:38 AM,10/10/2023 09:00:08 AM
2023/01/27,1761,94,0.053,1664,3,4750390,247498,4493182,9710,10/10/2023 04:30:38 AM,10/10/2023 09:00:08 AM
2023/01/28,787,47,0.060,740,0,4751177,247545,4493922,9710,10/10/2023 04:30:38 AM,10/10/2023 09:00:08 AM
2023/01/29,667,47,0.070,620,0,4751844,247592,4494542,9710,10/10/2023 04:30:38 AM,10/10/2023 09:00:08 AM
2023/01/30,2119,113,0.053,2002,4,4753963,247705,4496544,9714,10/10/2023 04:30:38 AM,10/10/2023 09:00:08 AM
2023/01/31,1598,92,0.058,1503,3,4755561,247797,4498047,9717,10/10/2023 04:30:38 AM,10/10/2023 09:00:08 AM
2023/02/01,1612,109,0.068,1502,1,4757173,247906,4499549,9718,10/10/2023 04:30:38 AM,10/10/2023 09:00:08 AM
2023/02/02,1953,95,0.049,1856,2,4759126,248001,4501405,9720,10/10/2023 04:30:38 AM,10/10/2023 09:00:08 AM
2023/02/03,2085,120,0.058,1964,1,4761211,248121,4503369,9721,10/10/2023 04:30:38 AM,10/10/2023 09:00:08 AM
2023/02/04,1048,79,0.075,969,0,4762259,248200,4504338,9721,10/10/2023 04:30:38 AM,10/10/2023 09:00:08 AM
2023/02/05,676,56,0.083,619,1,4762935,248256,4504957,9722,10/10/2023 04:30:38 AM,10/10/2023 09:00:08 AM
2023/02/06,1877,129,0.069,1745,3,4764812,248385,4506702,9725,10/10/2023 04:30:38 AM,10/10/2023 09:00:08 AM
2023/02/07,1502,100,0.067,1400,2,4766314,248485,4508102,9727,10/10/2023 04:30:38 AM,10/10/2023 09:00:08 AM
2023/02/08,1600,102,0.064,1494,4,4767914,248587,4509596,9731,10/10/2023 04:30:38 AM,10/10/2023 09:00:08 AM
2023/02/09,1776,96,0.054,1676,4,4769690,248683,4511272,9735,10/10/2023 04:30:38 AM,10/10/2023 09:00:08 AM
2023/02/10,1960,124,0.063,1832,4,4771650,248807,4513104,9739,10/10/2023 04:30:38 AM,10/10/2023 09:00:08 AM
2023/02/11,852,67,0.079,783,2,4772502,248874,4513887,9741,10/10/2023 04:30:38 AM,10/10/2023 09:00:08 AM
2023/02/12,659,66,0.100,593,0,4773161,248940,4514480,9741,10/10/2023 04:30:38 AM,10/10/2023 09:00:08 AM
2023/02/13,1970,147,0.075,1822,1,4775131,249087,4516302,9742,10/10/2023 04:30:38 AM,10/10/2023 09:00:08 AM
2023/02/14,1496,102,0.068,1392,2,4776627,249189,4517694,9744,10/10/2023 04:30:38 AM,10/10/2023 09:00:08 AM
2023/02/15,1623,108,0.067,1513,2,4778250,249297,4519207,9746,10/10/2023 04:30:38 AM,10/10/2023 09:00:08 AM
2023/02/16,1856,115,0.062,1733,8,4780106,249412,4520940,9754,10/10/2023 04:30:38 AM,10/10/2023 09:00:08 AM
2023/02/17,1910,109,0.057,1801,0,4782016,249521,4522741,9754,10/10/2023 04:30:38 AM,10/10/2023 09:00:08 AM
2023/02/18,838,79,0.094,757,2,4782854,249600,4523498,9756,10/10/2023 04:30:38 AM,10/10/2023 09:00:08 AM
2023/02/19,647,85,0.131,562,0,4783501,249685,4524060,9756,10/10/2023 04:30:38 AM,10/10/2023 09:00:08 AM
2023/02/20,1392,100,0.072,1288,4,4784893,249785,4525348,9760,10/10/2023 04:30:38 AM,10/10/2023 09:00:08 AM
2023/02/21,1956,141,0.072,1813,2,4786849,249926,4527161,9762,10/10/2023 04:30:38 AM,10/10/2023 09:00:08 AM
2023/02/22,1823,126,0.069,1694,3,4788672,250052,4528855,9765,10/10/2023 04:30:38 AM,10/10/2023 09:00:08 AM
2023/02/23,1938,131,0.068,1805,2,4790610,250183,4530660,9767,10/10/2023 04:30:38 AM,10/10/2023 09:00:09 AM
2023/02/24,2119,134,0.063,1984,1,4792729,250317,4532644,9768,10/10/2023 04:30:38 AM,10/10/2023 09:00:09 AM
2023/02/25,1061,80,0.076,979,2,4793790,250397,4533623,9770,10/10/2023 04:30:38 AM,10/10/2023 09:00:09 AM
2023/02/26,761,59,0.078,702,0,4794551,250456,4534325,9770,10/10/2023 04:30:38 AM,10/10/2023 09:00:09 AM
2023/02/27,1957,133,0.068,1820,4,4796508,250589,4536145,9774,10/10/2023 04:30:38 AM,10/10/2023 09:00:09 AM
2023/02/28,1673,136,0.081,1535,2,4798181,250725,4537680,9776,10/10/2023 04:30:38 AM,10/10/2023 09:00:09 AM
2023/03/01,1567,114,0.073,1451,2,4799748,250839,4539131,9778,10/10/2023 04:30:38 AM,10/10/2023 09:00:09 AM
2023/03/02,1689,102,0.060,1585,2,4801437,250941,4540716,9780,10/10/2023 04:30:38 AM,10/10/2023 09:00:09 AM
2023/03/03,2064,121,0.059,1940,3,4803501,251062,4542656,9783,10/10/2023 04:30:38 AM,10/10/2023 09:00:09 AM
2023/03/04,899,75,0.084,821,3,4804400,251137,4543477,9786,10/10/2023 04:30:38 AM,10/10/2023 09:00:09 AM
2023/03/05,686,58,0.085,628,0,4805086,251195,4544105,9786,10/10/2023 04:30:38 AM,10/10/2023 09:00:09 AM
2023/03/06,1836,123,0.067,1710,3,4806922,251318,4545815,9789,10/10/2023 04:30:38 AM,10/10/2023 09:00:09 AM
2023/03/07,1528,122,0.080,1403,3,4808450,251440,4547218,9792,10/10/2023 04:30:38 AM,10/10/2023 09:00:09 AM
2023/03/08,1445,97,0.067,1347,1,4809895,251537,4548565,9793,10/10/2023 04:30:38 AM,10/10/2023 09:00:09 AM
2023/03/09,1441,84,0.058,1355,2,4811336,251621,4549920,9795,10/10/2023 04:30:38 AM,10/10/2023 09:00:09 AM
2023/03/10,1798,111,0.062,1684,3,4813134,251732,4551604,9798,10/10/2023 04:30:38 AM,10/10/2023 09:00:09 AM
2023/03/11,787,63,0.080,722,2,4813921,251795,4552326,9800,10/10/2023 04:30:38 AM,10/10/2023 09:00:09 AM
2023/03/12,613,40,0.065,573,0,4814534,251835,4552899,9800,10/10/2023 04:30:38 AM,10/10/2023 09:00:09 AM
2023/03/13,1727,149,0.086,1578,0,4816261,251984,4554477,9800,10/10/2023 04:30:38 AM,10/10/2023 09:00:09 AM
2023/03/14,1418,114,0.080,1303,1,4817679,252098,4555780,9801,10/10/2023 04:30:38 AM,10/10/2023 09:00:09 AM
2023/03/15,1269,78,0.062,1185,6,4818948,252176,4556965,9807,10/10/2023 04:30:38 AM,10/10/2023 09:00:09 AM
2023/03/16,1369,76,0.056,1292,1,4820317,252252,4558257,9808,10/10/2023 04:30:38 AM,10/10/2023 09:00:09 AM
2023/03/17,1643,67,0.041,1574,2,4821960,252319,4559831,9810,10/10/2023 04:30:38 AM,10/10/2023 09:00:09 AM
2023/03/18,811,58,0.072,753,0,4822771,252377,4560584,9810,10/10/2023 04:30:38 AM,10/10/2023 09:00:09 AM
2023/03/19,612,41,0.067,568,3,4823383,252418,4561152,9813,10/10/2023 04:30:38 AM,10/10/2023 09:00:09 AM
2023/03/20,1620,107,0.066,1509,4,4825003,252525,4562661,9817,10/10/2023 04:30:38 AM,10/10/2023 09:00:09 AM
2023/03/21,1304,70,0.054,1231,3,4826307,252595,4563892,9820,10/10/2023 04:30:38 AM,10/10/2023 09:00:09 AM
2023/03/22,1209,62,0.051,1143,4,4827516,252657,4565035,9824,10/10/2023 04:30:38 AM,10/10/2023 09:00:09 AM
2023/03/23,1555,85,0.055,1462,8,4829071,252742,4566497,9832,10/10/2023 04:30:38 AM,10/10/2023 09:00:09 AM
2023/03/24,1722,64,0.037,1657,1,4830793,252806,4568154,9833,10/10/2023 04:30:38 AM,10/10/2023 09:00:09 AM
2023/03/25,902,51,0.057,850,1,4831695,252857,4569004,9834,10/10/2023 04:30:38 AM,10/10/2023 09:00:09 AM
2023/03/26,554,49,0.088,505,0,4832249,252906,4569509,9834,10/10/2023 04:30:38 AM,10/10/2023 09:00:09 AM
2023/03/27,1366,83,0.061,1280,3,4833615,252989,4570789,9837,10/10/2023 04:30:38 AM,10/10/2023 09:00:09 AM
2023/03/28,1237,73,0.059,1161,3,4834852,253062,4571950,9840,10/10/2023 04:30:38 AM,10/10/2023 09:00:09 AM
2023/03/29,1185,61,0.052,1121,3,4836037,253123,4573071,9843,10/10/2023 04:30:38 AM,10/10/2023 09:00:09 AM
2023/03/30,1291,79,0.061,1210,2,4837328,253202,4574281,9845,10/10/2023 04:30:38 AM,10/10/2023 09:00:09 AM
2023/03/31,1217,59,0.048,1158,0,4838545,253261,4575439,9845,10/10/2023 04:30:38 AM,10/10/2023 09:00:09 AM
2023/04/01,780,43,0.055,736,1,4839325,253304,4576175,9846,10/10/2023 04:30:38 AM,10/10/2023 09:00:09 AM
2023/04/02,714,34,0.048,679,1,4840039,253338,4576854,9847,10/10/2023 04:30:38 AM,10/10/2023 09:00:09 AM
2023/04/03,1443,59,0.041,1383,1,4841482,253397,4578237,9848,10/10/2023 04:30:38 AM,10/10/2023 09:00:09 AM
2023/04/04,1216,69,0.057,1147,0,4842698,253466,4579384,9848,10/10/2023 04:30:38 AM,10/10/2023 09:00:09 AM
2023/04/05,1113,66,0.059,1047,0,4843811,253532,4580431,9848,10/10/2023 04:30:38 AM,10/10/2023 09:00:09 AM
2023/04/06,1337,52,0.039,1285,0,4845148,253584,4581716,9848,10/10/2023 04:30:38 AM,10/10/2023 09:00:09 AM
2023/04/07,802,42,0.052,760,0,4845950,253626,4582476,9848,10/10/2023 04:30:38 AM,10/10/2023 09:00:09 AM
2023/04/08,686,36,0.052,650,0,4846636,253662,4583126,9848,10/10/2023 04:30:38 AM,10/10/2023 09:00:09 AM
2023/04/09,563,27,0.048,536,0,4847199,253689,4583662,9848,10/10/2023 04:30:38 AM,10/10/2023 09:00:09 AM
2023/04/10,1324,76,0.057,1248,0,4848523,253765,4584910,9848,10/10/2023 04:30:38 AM,10/10/2023 09:00:09 AM
2023/04/11,1126,42,0.037,1084,0,4849649,253807,4585994,9848,10/10/2023 04:30:38 AM,10/10/2023 09:00:09 AM
2023/04/12,1153,71,0.062,1080,2,4850802,253878,4587074,9850,10/10/2023 04:30:38 AM,10/10/2023 09:00:09 AM
2023/04/13,1346,64,0.048,1280,2,4852148,253942,4588354,9852,10/10/2023 04:30:38 AM,10/10/2023 09:00:09 AM
2023/04/14,1436,60,0.042,1375,1,4853584,254002,4589729,9853,10/10/2023 04:30:38 AM,10/10/2023 09:00:09 AM
2023/04/15,695,35,0.050,660,0,4854279,254037,4590389,9853,10/10/2023 04:30:38 AM,10/10/2023 09:00:09 AM
2023/04/16,588,31,0.053,557,0,4854867,254068,4590946,9853,10/10/2023 04:30:38 AM,10/10/2023 09:00:09 AM
2023/04/17,1219,54,0.044,1164,1,4856086,254122,4592110,9854,10/10/2023 04:30:38 AM,10/10/2023 09:00:09 AM
2023/04/18,1285,84,0.065,1200,1,4857371,254206,4593310,9855,10/10/2023 04:30:38 AM,10/10/2023 09:00:09 AM
2023/04/19,1003,61,0.061,942,0,4858374,254267,4594252,9855,10/10/2023 04:30:38 AM,10/10/2023 09:00:09 AM
2023/04/20,1370,53,0.039,1317,0,4859744,254320,4595569,9855,10/10/2023 04:30:38 AM,10/10/2023 09:00:09 AM
2023/04/21,956,62,0.065,894,0,4860700,254382,4596463,9855,10/10/2023 04:30:38 AM,10/10/2023 09:00:09 AM
2023/04/22,490,30,0.061,460,0,4861190,254412,4596923,9855,10/10/2023 04:30:38 AM,10/10/2023 09:00:09 AM
2023/04/23,583,34,0.058,548,1,4861773,254446,4597471,9856,10/10/2023 04:30:38 AM,10/10/2023 09:00:09 AM
2023/04/24,1435,71,0.050,1362,2,4863208,254517,4598833,9858,10/10/2023 04:30:38 AM,10/10/2023 09:00:09 AM
2023/04/25,1181,64,0.054,1116,1,4864389,254581,4599949,9859,10/10/2023 04:30:38 AM,10/10/2023 09:00:09 AM
2023/04/26,960,46,0.048,913,1,4865349,254627,4600862,9860,10/10/2023 04:30:38 AM,10/10/2023 09:00:09 AM
2023/04/27,1317,47,0.036,1270,0,4866666,254674,4602132,9860,10/10/2023 04:30:38 AM,10/10/2023 09:00:09 AM
2023/04/28,807,51,0.063,753,3,4867473,254725,4602885,9863,10/10/2023 04:30:38 AM,10/10/2023 09:00:09 AM
2023/04/29,459,24,0.052,435,0,4867932,254749,4603320,9863,10/10/2023 04:30:38 AM,10/10/2023 09:00:09 AM
2023/04/30,415,23,0.055,392,0,4868347,254772,4603712,9863,10/10/2023 04:30:38 AM,10/10/2023 09:00:09 AM
2023/05/01,1258,46,0.037,1209,3,4869605,254818,4604921,9866,10/10/2023 04:30:38 AM,10/10/2023 09:00:09 AM
2023/05/02,1077,39,0.036,1037,1,4870682,254857,4605958,9867,10/10/2023 04:30:38 AM,10/10/2023 09:00:09 AM
2023/05/03,1018,55,0.054,963,0,4871700,254912,4606921,9867,10/10/2023 04:30:38 AM,10/10/2023 09:00:09 AM
2023/05/04,1060,39,0.037,1020,1,4872760,254951,4607941,9868,10/10/2023 04:30:38 AM,10/10/2023 09:00:09 AM
2023/05/05,834,36,0.043,798,0,4873594,254987,4608739,9868,10/10/2023 04:30:38 AM,10/10/2023 09:00:09 AM
2023/05/06,321,27,0.084,294,0,4873915,255014,4609033,9868,10/10/2023 04:30:38 AM,10/10/2023 09:00:09 AM
2023/05/07,466,21,0.045,445,0,4874381,255035,4609478,9868,10/10/2023 04:30:38 AM,10/10/2023 09:00:09 AM
2023/05/08,1273,66,0.052,1206,1,4875654,255101,4610684,9869,10/10/2023 04:30:38 AM,10/10/2023 09:00:09 AM
2023/05/09,1167,33,0.028,1133,1,4876821,255134,4611817,9870,10/10/2023 04:30:38 AM,10/10/2023 09:00:09 AM
2023/05/10,929,39,0.042,889,1,4877750,255173,4612706,9871,10/10/2023 04:30:38 AM,10/10/2023 09:00:09 AM
2023/05/11,1074,38,0.035,1035,1,4878824,255211,4613741,9872,10/10/2023 04:30:38 AM,10/10/2023 09:00:09 AM
2023/05/12,871,36,0.041,835,0,4879695,255247,4614576,9872,10/10/2023 04:30:38 AM,10/10/2023 09:00:09 AM
2023/05/13,435,23,0.053,412,0,4880130,255270,4614988,9872,10/10/2023 04:30:38 AM,10/10/2023 09:00:09 AM
2023/05/14,384,21,0.055,363,0,4880514,255291,4615351,9872,10/10/2023 04:30:38 AM,10/10/2023 09:00:09 AM
2023/05/15,996,39,0.039,956,1,4881510,255330,4616307,9873,10/10/2023 04:30:38 AM,10/10/2023 09:00:09 AM
2023/05/16,983,42,0.043,941,0,4882493,255372,4617248,9873,10/10/2023 04:30:38 AM,10/10/2023 09:00:09 AM
2023/05/17,906,29,0.032,877,0,4883399,255401,4618125,9873,10/10/2023 04:30:38 AM,10/10/2023 09:00:09 AM
2023/05/18,977,30,0.031,947,0,4884376,255431,4619072,9873,10/10/2023 04:30:38 AM,10/10/2023 09:00:09 AM
2023/05/19,626,31,0.050,595,0,4885002,255462,4619667,9873,10/10/2023 04:30:38 AM,10/10/2023 09:00:09 AM
2023/05/20,577,34,0.059,543,0,4885579,255496,4620210,9873,10/10/2023 04:30:38 AM,10/10/2023 09:00:09 AM
2023/05/21,597,25,0.042,572,0,4886176,255521,4620782,9873,10/10/2023 04:30:38 AM,10/10/2023 09:00:09 AM
2023/05/22,783,37,0.047,745,1,4886959,255558,4621527,9874,10/10/2023 04:30:38 AM,10/10/2023 09:00:09 AM
2023/05/23,891,38,0.043,852,1,4887850,255596,4622379,9875,10/10/2023 04:30:38 AM,10/10/2023 09:00:09 AM
2023/05/24,831,39,0.047,791,1,4888681,255635,4623170,9876,10/10/2023 04:30:38 AM,10/10/2023 09:00:09 AM
2023/05/25,744,43,0.058,701,0,4889425,255678,4623871,9876,10/10/2023 04:30:38 AM,10/10/2023 09:00:09 AM
2023/05/26,810,36,0.044,774,0,4890235,255714,4624645,9876,10/10/2023 04:30:38 AM,10/10/2023 09:00:09 AM
2023/05/27,414,24,0.058,390,0,4890649,255738,4625035,9876,10/10/2023 04:30:38 AM,10/10/2023 09:00:09 AM
2023/05/28,697,36,0.052,661,0,4891346,255774,4625696,9876,10/10/2023 04:30:38 AM,10/10/2023 09:00:09 AM
2023/05/29,641,21,0.033,620,0,4891987,255795,4626316,9876,10/10/2023 04:30:38 AM,10/10/2023 09:00:09 AM
2023/05/30,929,42,0.045,887,0,4892916,255837,4627203,9876,10/10/2023 04:30:38 AM,10/10/2023 09:00:09 AM
2023/05/31,952,48,0.050,904,0,4893868,255885,4628107,9876,10/10/2023 04:30:38 AM,10/10/2023 09:00:09 AM
2023/06/01,933,45,0.048,886,2,4894801,255930,4628993,9878,10/10/2023 04:30:38 AM,10/10/2023 09:00:09 AM
2023/06/02,722,37,0.051,685,0,4895523,255967,4629678,9878,10/10/2023 04:30:38 AM,10/10/2023 09:00:09 AM
2023/06/03,466,21,0.045,445,0,4895989,255988,4630123,9878,10/10/2023 04:30:38 AM,10/10/2023 09:00:09 AM
2023/06/04,625,24,0.038,601,0,4896614,256012,4630724,9878,10/10/2023 04:30:38 AM,10/10/2023 09:00:09 AM
2023/06/05,1026,55,0.054,970,1,4897640,256067,4631694,9879,10/10/2023 04:30:38 AM,10/10/2023 09:00:09 AM
2023/06/06,874,49,0.056,824,1,4898514,256116,4632518,9880,10/10/2023 04:30:38 AM,10/10/2023 09:00:09 AM
2023/06/07,930,45,0.048,885,0,4899444,256161,4633403,9880,10/10/2023 04:30:38 AM,10/10/2023 09:00:09 AM
2023/06/08,861,33,0.038,827,1,4900305,256194,4634230,9881,10/10/2023 04:30:38 AM,10/10/2023 09:00:09 AM
2023/06/09,718,28,0.039,689,1,4901023,256222,4634919,9882,10/10/2023 04:30:38 AM,10/10/2023 09:00:09 AM
2023/06/10,458,17,0.037,440,1,4901481,256239,4635359,9883,10/10/2023 04:30:38 AM,10/10/2023 09:00:09 AM
2023/06/11,690,18,0.026,671,1,4902171,256257,4636030,9884,10/10/2023 04:30:38 AM,10/10/2023 09:00:09 AM
2023/06/12,907,52,0.057,855,0,4903078,256309,4636885,9884,10/10/2023 04:30:38 AM,10/10/2023 09:00:09 AM
2023/06/13,772,34,0.044,738,0,4903850,256343,4637623,9884,10/10/2023 04:30:38 AM,10/10/2023 09:00:09 AM
2023/06/14,949,31,0.033,916,2,4904799,256374,4638539,9886,10/10/2023 04:30:38 AM,10/10/2023 09:00:09 AM
2023/06/15,808,33,0.041,775,0,4905607,256407,4639314,9886,10/10/2023 04:30:38 AM,10/10/2023 09:00:09 AM
2023/06/16,800,44,0.055,755,1,4906407,256451,4640069,9887,10/10/2023 04:30:38 AM,10/10/2023 09:00:09 AM
2023/06/17,485,24,0.050,460,1,4906892,256475,4640529,9888,10/10/2023 04:30:38 AM,10/10/2023 09:00:09 AM
2023/06/18,930,26,0.028,903,1,4907822,256501,4641432,9889,10/10/2023 04:30:38 AM,10/10/2023 09:00:09 AM
2023/06/19,815,25,0.031,790,0,4908637,256526,4642222,9889,10/10/2023 04:30:38 AM,10/10/2023 09:00:09 AM
2023/06/20,768,39,0.051,728,1,4909405,256565,4642950,9890,10/10/2023 04:30:38 AM,10/10/2023 09:00:09 AM
2023/06/21,754,36,0.048,717,1,4910159,256601,4643667,9891,10/10/2023 04:30:38 AM,10/10/2023 09:00:09 AM
2023/06/22,961,35,0.037,923,3,4911120,256636,4644590,9894,10/10/2023 04:30:38 AM,10/10/2023 09:00:09 AM
2023/06/23,526,34,0.065,492,0,4911646,256670,4645082,9894,10/10/2023 04:30:38 AM,10/10/2023 09:00:09 AM
2023/06/24,522,27,0.052,495,0,4912168,256697,4645577,9894,10/10/2023 04:30:38 AM,10/10/2023 09:00:09 AM
2023/06/25,993,21,0.021,972,0,4913161,256718,4646549,9894,10/10/2023 04:30:38 AM,10/10/2023 09:00:09 AM
2023/06/26,1008,45,0.045,963,0,4914169,256763,4647512,9894,10/10/2023 04:30:38 AM,10/10/2023 09:00:09 AM
2023/06/27,898,34,0.038,864,0,4915067,256797,4648376,9894,10/10/2023 04:30:38 AM,10/10/2023 09:00:09 AM
2023/06/28,892,31,0.035,860,1,4915959,256828,4649236,9895,10/10/2023 04:30:38 AM,10/10/2023 09:00:09 AM
2023/06/29,758,32,0.042,724,2,4916717,256860,4649960,9897,10/10/2023 04:30:38 AM,10/10/2023 09:00:09 AM
2023/06/30,674,35,0.052,638,1,4917391,256895,4650598,9898,10/10/2023 04:30:38 AM,10/10/2023 09:00:09 AM
2023/07/01,522,33,0.063,489,0,4917913,256928,4651087,9898,10/10/2023 04:30:38 AM,10/10/2023 09:00:09 AM
2023/07/02,1032,19,0.018,1013,0,4918945,256947,4652100,9898,10/10/2023 04:30:38 AM,10/10/2023 09:00:09 AM
2023/07/03,1088,41,0.038,1047,0,4920033,256988,4653147,9898,10/10/2023 04:30:38 AM,10/10/2023 09:00:09 AM
2023/07/04,384,20,0.052,364,0,4920417,257008,4653511,9898,10/10/2023 04:30:38 AM,10/10/2023 09:00:09 AM
2023/07/05,813,36,0.044,777,0,4921230,257044,4654288,9898,10/10/2023 04:30:38 AM,10/10/2023 09:00:09 AM
2023/07/06,888,40,0.045,846,2,4922118,257084,4655134,9900,10/10/2023 04:30:38 AM,10/10/2023 09:00:09 AM
2023/07/07,493,34,0.069,459,0,4922611,257118,4655593,9900,10/10/2023 04:30:38 AM,10/10/2023 09:00:09 AM
2023/07/08,650,18,0.028,632,0,4923261,257136,4656225,9900,10/10/2023 04:30:38 AM,10/10/2023 09:00:09 AM
2023/07/09,961,25,0.026,935,1,4924222,257161,4657160,9901,10/10/2023 04:30:38 AM,10/10/2023 09:00:09 AM
2023/07/10,1201,44,0.037,1157,0,4925423,257205,4658317,9901,10/10/2023 04:30:38 AM,10/10/2023 09:00:09 AM
2023/07/11,777,35,0.045,741,1,4926200,257240,4659058,9902,10/10/2023 04:30:38 AM,10/10/2023 09:00:09 AM
2023/07/12,874,41,0.047,833,0,4927074,257281,4659891,9902,10/10/2023 04:30:38 AM,10/10/2023 09:00:09 AM
2023/07/13,791,32,0.041,758,1,4927865,257313,4660649,9903,10/10/2023 04:30:38 AM,10/10/2023 09:00:09 AM
2023/07/14,485,33,0.068,452,0,4928350,257346,4661101,9903,10/10/2023 04:30:38 AM,10/10/2023 09:00:09 AM
2023/07/15,367,23,0.063,344,0,4928717,257369,4661445,9903,10/10/2023 04:30:38 AM,10/10/2023 09:00:09 AM
2023/07/16,1134,28,0.025,1106,0,4929851,257397,4662551,9903,10/10/2023 04:30:38 AM,10/10/2023 09:00:09 AM
2023/07/17,979,26,0.027,952,1,4930830,257423,4663503,9904,10/10/2023 04:30:38 AM,10/10/2023 09:00:09 AM
2023/07/18,549,46,0.084,503,0,4931379,257469,4664006,9904,10/10/2023 04:30:38 AM,10/10/2023 09:00:09 AM
2023/07/19,994,43,0.043,951,0,4932373,257512,4664957,9904,10/10/2023 04:30:38 AM,10/10/2023 09:00:09 AM
2023/07/20,828,37,0.045,791,0,4933201,257549,4665748,9904,10/10/2023 04:30:38 AM,10/10/2023 09:00:09 AM
2023/07/21,500,58,0.116,442,0,4933701,257607,4666190,9904,10/10/2023 04:30:38 AM,10/10/2023 09:00:09 AM
2023/07/22,339,28,0.083,311,0,4934040,257635,4666501,9904,10/10/2023 04:30:38 AM,10/10/2023 09:00:09 AM
2023/07/23,1103,28,0.025,1075,0,4935143,257663,4667576,9904,10/10/2023 04:30:38 AM,10/10/2023 09:00:09 AM
2023/07/24,1133,58,0.051,1075,0,4936276,257721,4668651,9904,10/10/2023 04:30:38 AM,10/10/2023 09:00:09 AM
2023/07/25,677,50,0.074,626,1,4936953,257771,4669277,9905,10/10/2023 04:30:38 AM,10/10/2023 09:00:09 AM
2023/07/26,500,51,0.102,449,0,4937453,257822,4669726,9905,10/10/2023 04:30:38 AM,10/10/2023 09:00:09 AM
2023/07/27,608,54,0.089,554,0,4938061,257876,4670280,9905,10/10/2023 04:30:38 AM,10/10/2023 09:00:09 AM
2023/07/28,753,38,0.050,715,0,4938814,257914,4670995,9905,10/10/2023 04:30:38 AM,10/10/2023 09:00:09 AM
2023/07/29,495,33,0.067,462,0,4939309,257947,4671457,9905,10/10/2023 04:30:38 AM,10/10/2023 09:00:09 AM
2023/07/30,860,25,0.029,835,0,4940169,257972,4672292,9905,10/10/2023 04:30:38 AM,10/10/2023 09:00:09 AM
2023/07/31,772,69,0.089,703,0,4940941,258041,4672995,9905,10/10/2023 04:30:38 AM,10/10/2023 09:00:09 AM
2023/08/01,989,53,0.054,936,0,4941930,258094,4673931,9905,10/10/2023 04:30:38 AM,10/10/2023 09:00:09 AM
2023/08/02,826,48,0.058,776,2,4942756,258142,4674707,9907,10/10/2023 04:30:38 AM,10/10/2023 09:00:09 AM
2023/08/03,791,59,0.075,731,1,4943547,258201,4675438,9908,10/10/2023 04:30:38 AM,10/10/2023 09:00:09 AM
2023/08/04,678,62,0.091,616,0,4944225,258263,4676054,9908,10/10/2023 04:30:38 AM,10/10/2023 09:00:09 AM
2023/08/05,504,64,0.127,440,0,4944729,258327,4676494,9908,10/10/2023 04:30:38 AM,10/10/2023 09:00:09 AM
2023/08/06,894,31,0.035,862,1,4945623,258358,4677356,9909,10/10/2023 04:30:38 AM,10/10/2023 09:00:09 AM
2023/08/07,834,72,0.086,762,0,4946457,258430,4678118,9909,10/10/2023 04:30:38 AM,10/10/2023 09:00:09 AM
2023/08/08,682,53,0.078,629,0,4947139,258483,4678747,9909,10/10/2023 04:30:38 AM,10/10/2023 09:00:09 AM
2023/08/09,1031,80,0.078,951,0,4948170,258563,4679698,9909,10/10/2023 04:30:38 AM,10/10/2023 09:00:09 AM
2023/08/10,873,67,0.077,806,0,4949043,258630,4680504,9909,10/10/2023 04:30:38 AM,10/10/2023 09:00:09 AM
2023/08/11,824,66,0.080,758,0,4949867,258696,4681262,9909,10/10/2023 04:30:38 AM,10/10/2023 09:00:09 AM
2023/08/12,424,43,0.102,379,2,4950291,258739,4681641,9911,10/10/2023 04:30:38 AM,10/10/2023 09:00:09 AM
2023/08/13,1005,47,0.047,957,1,4951296,258786,4682598,9912,10/10/2023 04:30:38 AM,10/10/2023 09:00:09 AM
2023/08/14,1265,92,0.073,1171,2,4952561,258878,4683769,9914,10/10/2023 04:30:38 AM,10/10/2023 09:00:09 AM
2023/08/15,817,87,0.106,730,0,4953378,258965,4684499,9914,10/10/2023 04:30:38 AM,10/10/2023 09:00:09 AM
2023/08/16,921,81,0.088,839,1,4954299,259046,4685338,9915,10/10/2023 04:30:38 AM,10/10/2023 09:00:09 AM
2023/08/17,905,79,0.087,826,0,4955204,259125,4686164,9915,10/10/2023 04:30:38 AM,10/10/2023 09:00:09 AM
2023/08/18,790,70,0.089,717,3,4955994,259195,4686881,9918,10/10/2023 04:30:38 AM,10/10/2023 09:00:09 AM
2023/08/19,428,55,0.129,372,1,4956422,259250,4687253,9919,10/10/2023 04:30:38 AM,10/10/2023 09:00:09 AM
2023/08/20,1145,52,0.045,1093,0,4957567,259302,4688346,9919,10/10/2023 04:30:38 AM,10/10/2023 09:00:09 AM
2023/08/21,1362,116,0.085,1243,3,4958929,259418,4689589,9922,10/10/2023 04:30:38 AM,10/10/2023 09:00:09 AM
2023/08/22,913,71,0.078,842,0,4959842,259489,4690431,9922,10/10/2023 04:30:38 AM,10/10/2023 09:00:09 AM
2023/08/23,971,92,0.095,878,1,4960813,259581,4691309,9923,10/10/2023 04:30:38 AM,10/10/2023 09:00:09 AM
2023/08/24,765,71,0.093,693,1,4961578,259652,4692002,9924,10/10/2023 04:30:38 AM,10/10/2023 09:00:09 AM
2023/08/25,841,82,0.098,759,0,4962419,259734,4692761,9924,10/10/2023 04:30:38 AM,10/10/2023 09:00:09 AM
2023/08/26,426,49,0.115,377,0,4962845,259783,4693138,9924,10/10/2023 04:30:38 AM,10/10/2023 09:00:09 AM
2023/08/27,1040,39,0.038,1001,0,4963885,259822,4694139,9924,10/10/2023 04:30:38 AM,10/10/2023 09:00:09 AM
2023/08/28,1410,102,0.072,1308,0,4965295,259924,4695447,9924,10/10/2023 04:30:38 AM,10/10/2023 09:00:09 AM
2023/08/29,1050,68,0.065,982,0,4966345,259992,4696429,9924,10/10/2023 04:30:38 AM,10/10/2023 09:00:09 AM
2023/08/30,868,78,0.090,790,0,4967213,260070,4697219,9924,10/10/2023 04:30:38 AM,10/10/2023 09:00:09 AM
2023/08/31,947,76,0.080,871,0,4968160,260146,4698090,9924,10/10/2023 04:30:38 AM,10/10/2023 09:00:09 AM
2023/09/01,607,55,0.091,552,0,4968767,260201,4698642,9924,10/10/2023 04:30:38 AM,10/10/2023 09:00:09 AM
2023/09/02,319,31,0.097,288,0,4969086,260232,4698930,9924,10/10/2023 04:30:38 AM,10/10/2023 09:00:09 AM
2023/09/03,344,42,0.122,302,0,4969430,260274,4699232,9924,10/10/2023 04:30:38 AM,10/10/2023 09:00:09 AM
2023/09/04,736,38,0.052,698,0,4970166,260312,4699930,9924,10/10/2023 04:30:38 AM,10/10/2023 09:00:09 AM
2023/09/05,1130,90,0.080,1040,0,4971296,260402,4700970,9924,10/10/2023 04:30:38 AM,10/10/2023 09:00:09 AM
2023/09/06,1061,67,0.063,994,0,4972357,260469,4701964,9924,10/10/2023 04:30:38 AM,10/10/2023 09:00:09 AM
2023/09/07,1100,55,0.050,1045,0,4973457,260524,4703009,9924,10/10/2023 04:30:38 AM,10/10/2023 09:00:09 AM
2023/09/08,621,72,0.116,549,0,4974078,260596,4703558,9924,10/10/2023 04:30:38 AM,10/10/2023 09:00:09 AM
2023/09/09,343,46,0.134,297,0,4974421,260642,4703855,9924,10/10/2023 04:30:38 AM,10/10/2023 09:00:09 AM
2023/09/10,418,37,0.089,381,0,4974839,260679,4704236,9924,10/10/2023 04:30:38 AM,10/10/2023 09:00:09 AM
2023/09/11,1326,66,0.050,1260,0,4976165,260745,4705496,9924,10/10/2023 04:30:38 AM,10/10/2023 09:00:09 AM
2023/09/12,1410,62,0.044,1348,0,4977575,260807,4706844,9924,10/10/2023 04:30:38 AM,10/10/2023 09:00:09 AM
2023/09/13,1176,62,0.053,1114,0,4978751,260869,4707958,9924,10/10/2023 04:30:38 AM,10/10/2023 09:00:09 AM
2023/09/14,828,72,0.087,756,0,4979579,260941,4708714,9924,10/10/2023 04:30:38 AM,10/10/2023 09:00:09 AM
2023/09/15,741,47,0.063,694,0,4980320,260988,4709408,9924,10/10/2023 04:30:38 AM,10/10/2023 09:00:09 AM
2023/09/16,406,35,0.086,371,0,4980726,261023,4709779,9924,10/10/2023 04:30:38 AM,10/10/2023 09:00:09 AM
2023/09/17,399,42,0.105,357,0,4981125,261065,4710136,9924,10/10/2023 04:30:38 AM,10/10/2023 09:00:09 AM
2023/09/18,1680,79,0.047,1601,0,4982805,261144,4711737,9924,10/10/2023 04:30:38 AM,10/10/2023 09:00:09 AM
2023/09/19,1680,66,0.039,1614,0,4984485,261210,4713351,9924,10/10/2023 04:30:38 AM,10/10/2023 09:00:09 AM
2023/09/20,1090,53,0.049,1037,0,4985575,261263,4714388,9924,10/10/2023 04:30:38 AM,10/10/2023 09:00:09 AM
2023/09/21,1039,58,0.056,981,0,4986614,261321,4715369,9924,10/10/2023 04:30:38 AM,10/10/2023 09:00:09 AM
2023/09/22,635,47,0.074,588,0,4987249,261368,4715957,9924,10/10/2023 04:30:38 AM,10/10/2023 09:00:09 AM
2023/09/23,403,30,0.074,373,0,4987652,261398,4716330,9924,10/10/2023 04:30:38 AM,10/10/2023 09:00:09 AM
2023/09/24,362,31,0.086,331,0,4988014,261429,4716661,9924,10/10/2023 04:30:38 AM,10/10/2023 09:00:09 AM
2023/09/25,2018,47,0.023,1971,0,4990032,261476,4718632,9924,10/10/2023 04:30:38 AM,10/10/2023 09:00:09 AM
2023/09/26,1371,54,0.039,1317,0,4991403,261530,4719949,9924,10/10/2023 04:30:38 AM,10/10/2023 09:00:09 AM
2023/09/27,1079,49,0.045,1030,0,4992482,261579,4720979,9924,10/10/2023 04:30:38 AM,10/10/2023 09:00:09 AM
2023/09/28,913,48,0.053,865,0,4993395,261627,4721844,9924,10/10/2023 04:30:38 AM,10/10/2023 09:00:09 AM
2023/09/29,555,35,0.063,520,0,4993950,261662,4722364,9924,10/10/2023 04:30:38 AM,10/10/2023 09:00:09 AM
2023/09/30,379,26,0.069,353,0,4994329,261688,4722717,9924,10/10/2023 04:30:38 AM,10/10/2023 09:00:09 AM
2023/10/01,431,15,0.035,416,0,4994760,261703,4723133,9924,10/10/2023 04:30:38 AM,10/10/2023 09:00:09 AM
2023/10/02,1799,48,0.027,1751,0,4996559,261751,4724884,9924,10/10/2023 04:30:38 AM,10/10/2023 09:00:09 AM
2023/10/03,1444,34,0.024,1410,0,4998003,261785,4726294,9924,10/10/2023 04:30:38 AM,10/10/2023 09:00:09 AM
2023/10/04,937,34,0.036,903,0,4998940,261819,4727197,9924,10/10/2023 04:30:38 AM,10/10/2023 09:00:09 AM
2023/10/05,808,38,0.047,770,0,4999748,261857,4727967,9924,10/10/2023 04:30:38 AM,10/10/2023 09:00:09 AM
